2022-04-01 07:05:00,3281.0,3281.0,3281.0,3281.0,100
2022-04-01 07:10:00,3279.11,3279.11,3279.01,3279.01,300
2022-04-01 07:15:00,3279.0,3279.0,3279.0,3279.0,100
2022-04-01 07:20:00,3280.01,3280.01,3280.01,3280.01,100
2022-04-01 07:45:00,3281.0,3281.0,3281.0,3281.0,100
2022-04-01 08:00:00,3281.0,3284.9,3281.0,3284.89,650
2022-04-01 08:05:00,3284.0,3284.0,3284.0,3284.0,100
2022-04-01 08:15:00,3283.99,3283.99,3283.0,3283.0,200
2022-04-01 08:20:00,3283.0554,3283.0554,3283.0554,3283.0554,100
2022-04-01 08:25:00,3280.0,3280.0,3280.0,3280.0,100
2022-04-01 08:30:00,3272.2438,3275.0,3272.2438,3275.0,200
2022-04-01 08:45:00,3280.0,3280.0,3280.0,3280.0,751
2022-04-01 08:50:00,3279.94,3281.89,3279.94,3281.89,200
2022-04-01 08:55:00,3280.01,3280.01,3275.0,3275.02,876
2022-04-01 09:00:00,3272.05,3272.05,3270.5066,3270.5066,711
2022-04-01 09:05:00,3259.95,3272.05,3259.95,3272.05,1085
2022-04-01 09:10:00,3271.0,3272.0,3270.0,3272.0,599
2022-04-01 09:15:00,3273.79,3273.79,3272.0,3272.0,225
2022-04-01 09:20:00,3274.0,3274.0,3274.0,3274.0,112
2022-04-01 09:25:00,3279.5,3280.0,3278.86,3279.0,712
2022-04-01 09:30:00,3282.99,3285.6,3267.5,3268.81,67235
2022-04-01 09:35:00,3268.731,3274.23,3263.47,3270.86,23009
2022-04-01 09:40:00,3265.0,3268.0798,3257.54,3260.0,23823
2022-04-01 09:45:00,3260.6802,3265.87,3255.177,3256.36,12998
2022-04-01 09:50:00,3256.85,3257.87,3246.39,3254.41,21504
2022-04-01 09:55:00,3251.54,3266.34,3251.54,3266.15,10294
2022-04-01 10:00:00,3266.28,3270.4,3262.139,3269.3958,16505
2022-04-01 10:05:00,3265.78,3272.12,3265.78,3271.35,12581
2022-04-01 10:10:00,3271.63,3285.6,3271.63,3284.29,19492
2022-04-01 10:15:00,3285.19,3290.79,3278.085,3281.0284,26865
2022-04-01 10:20:00,3279.84,3286.53,3278.69,3285.6934,14160
2022-04-01 10:25:00,3286.025,3290.48,3282.81,3289.89,13538
2022-04-01 10:30:00,3290.85,3303.87,3290.85,3302.97,22302
2022-04-01 10:35:00,3302.62,3305.31,3296.14,3298.61,16307
2022-04-01 10:40:00,3297.825,3312.44,3293.93,3309.03,22657
2022-04-01 10:45:00,3308.27,3316.36,3308.14,3313.82,16097
2022-04-01 10:50:00,3316.0,3316.54,3310.33,3311.35,6737
2022-04-01 10:55:00,3311.99,3314.55,3308.2,3312.75,9508
2022-04-01 11:00:00,3311.96,3316.38,3309.6,3312.51,21440
2022-04-01 11:05:00,3309.0,3311.72,3304.23,3309.0,33347
2022-04-01 11:10:00,3308.495,3311.0,3301.27,3301.27,9801
2022-04-01 11:15:00,3300.855,3306.0,3299.25,3305.48,7553
2022-04-01 11:20:00,3306.5,3309.0,3301.64,3303.63,6775
2022-04-01 11:25:00,3303.57,3303.75,3294.0,3295.25,8296
2022-04-01 11:30:00,3294.95,3296.5898,3291.56,3292.0,6326
2022-04-01 11:35:00,3290.02,3291.095,3287.0,3290.4736,9824
2022-04-01 11:40:00,3290.33,3293.44,3289.0,3289.405,7405
2022-04-01 11:45:00,3289.0,3291.9,3283.7,3289.46,19276
2022-04-01 11:50:00,3289.595,3293.39,3288.0,3289.3,9865
2022-04-01 11:55:00,3287.695,3287.695,3276.385,3280.33,14939
2022-04-01 12:00:00,3276.5,3277.38,3272.23,3272.23,13055
2022-04-01 12:05:00,3272.09,3277.47,3265.11,3277.47,16342
2022-04-01 12:10:00,3277.6,3277.9656,3271.83,3277.245,9243
2022-04-01 12:15:00,3277.0,3277.694,3271.93,3274.0,10193
2022-04-01 12:20:00,3275.88,3286.0,3275.88,3286.0,9953
2022-04-01 12:25:00,3286.0,3289.42,3282.58,3285.49,8434
2022-04-01 12:30:00,3284.25,3284.25,3275.03,3275.51,9464
2022-04-01 12:35:00,3275.05,3275.12,3268.57,3272.1,8863
2022-04-01 12:40:00,3271.45,3279.225,3271.36,3279.225,9581
2022-04-01 12:45:00,3278.43,3279.86,3275.5,3279.16,2747
2022-04-01 12:50:00,3278.965,3279.435,3274.96,3275.9,4921
2022-04-01 12:55:00,3276.35,3278.78,3270.7866,3270.885,5502
2022-04-01 13:00:00,3269.49,3273.5,3266.2068,3268.07,11809
2022-04-01 13:05:00,3268.73,3271.2806,3266.07,3266.07,12487
2022-04-01 13:10:00,3265.675,3265.675,3259.05,3261.92,11724
2022-04-01 13:15:00,3261.09,3263.97,3260.75,3263.97,5310
2022-04-01 13:20:00,3263.0,3268.66,3260.002,3264.58,9579
2022-04-01 13:25:00,3264.21,3265.34,3262.12,3263.65,7106
2022-04-01 13:30:00,3262.0,3267.03,3261.6,3262.41,4257
2022-04-01 13:35:00,3263.0,3272.949,3262.43,3270.06,8369
2022-04-01 13:40:00,3270.105,3275.385,3269.26,3269.945,9599
2022-04-01 13:45:00,3269.19,3269.19,3265.025,3268.545,5655
2022-04-01 13:50:00,3266.2,3267.48,3265.0,3266.64,3084
2022-04-01 13:55:00,3266.22,3269.375,3265.48,3266.3,6210
2022-04-01 14:00:00,3266.23,3269.75,3264.82,3269.31,8770
2022-04-01 14:05:00,3270.2024,3274.0478,3269.0,3271.81,15267
2022-04-01 14:10:00,3269.75,3272.27,3268.56,3272.11,2538
2022-04-01 14:15:00,3273.72,3276.15,3273.3,3274.33,4948
2022-04-01 14:20:00,3274.915,3280.32,3274.72,3277.115,9116
2022-04-01 14:25:00,3277.75,3281.8592,3276.63,3281.8592,7490
2022-04-01 14:30:00,3282.47,3286.3,3279.99,3286.29,8801
2022-04-01 14:35:00,3287.0,3288.6,3281.0,3284.495,5568
2022-04-01 14:40:00,3285.36,3290.38,3285.29,3288.19,10725
2022-04-01 14:45:00,3287.2124,3288.6,3284.4,3287.17,12289
2022-04-01 14:50:00,3286.54,3287.14,3276.23,3277.6,11476
2022-04-01 14:55:00,3278.29,3278.57,3272.625,3274.88,5833
2022-04-01 15:00:00,3273.91,3277.28,3271.82,3271.82,4878
2022-04-01 15:05:00,3271.767,3274.01,3266.3964,3267.19,11119
2022-04-01 15:10:00,3267.32,3268.76,3262.14,3267.27,13612
2022-04-01 15:15:00,3268.01,3268.74,3254.63,3255.03,12141
2022-04-01 15:20:00,3253.68,3257.37,3248.52,3255.75,23907
2022-04-01 15:25:00,3256.72,3264.33,3256.0,3263.092,6767
2022-04-01 15:30:00,3263.1418,3264.9,3251.74,3252.96,16493
2022-04-01 15:35:00,3254.45,3257.38,3249.49,3256.24,19705
2022-04-01 15:40:00,3255.4604,3259.0,3252.03,3253.41,16369
2022-04-01 15:45:00,3252.31,3261.09,3249.67,3261.09,10984
2022-04-01 15:50:00,3260.76,3271.3,3260.76,3270.455,25488
2022-04-01 15:55:00,3269.8,3274.31,3269.0,3272.05,36129
2022-04-01 16:00:00,3271.2,3271.2,3268.34,3270.5,172659
2022-04-01 16:05:00,3271.0,3271.2,3270.06,3270.44,1428
2022-04-01 16:10:00,3271.2,3271.2,3270.0,3270.0,3148
2022-04-01 16:15:00,3266.03,3266.03,3266.03,3266.03,102
2022-04-01 16:20:00,3267.01,3267.01,3266.81,3266.81,600
2022-04-01 16:25:00,3266.0,3266.0,3266.0,3266.0,100
2022-04-01 16:35:00,3271.2,3271.2,3271.2,3271.2,635
2022-04-01 16:40:00,3271.2,3271.2,3271.2,3271.2,145
2022-04-01 16:50:00,3265.4,3265.4,3265.4,3265.4,100
2022-04-01 16:55:00,3265.4,3265.4,3265.4,3265.4,100
2022-04-01 17:00:00,3271.2,3271.2,3271.2,3271.2,770
2022-04-01 17:05:00,3267.32,3267.32,3267.32,3267.32,100
2022-04-01 17:10:00,3269.8,3269.8,3269.8,3269.8,100
2022-04-01 17:30:00,3268.98,3268.98,3268.98,3268.98,150
2022-04-01 17:35:00,3270.0,3270.0,3270.0,3270.0,214
2022-04-01 17:50:00,3270.0,3270.0,3270.0,3270.0,744
2022-04-04 07:00:00,3285.0,3285.0,3285.0,3285.0,250
2022-04-04 07:15:00,3282.89,3282.89,3282.89,3282.89,212
2022-04-04 07:35:00,3282.0,3282.0,3282.0,3282.0,200
2022-04-04 07:45:00,3279.64,3279.64,3279.64,3279.64,100
2022-04-04 07:50:00,3280.0,3280.0,3280.0,3280.0,530
2022-04-04 07:55:00,3280.0,3280.0,3280.0,3280.0,695
2022-04-04 08:00:00,3282.815,3284.9,3279.0,3284.9,1831
2022-04-04 08:15:00,3279.9376,3279.9376,3279.9376,3279.9376,400
2022-04-04 08:30:00,3280.0,3280.0,3280.0,3280.0,200
2022-04-04 08:35:00,3280.01,3280.01,3280.0,3280.0,200
2022-04-04 08:40:00,3280.0,3280.0,3280.0,3280.0,200
2022-04-04 09:00:00,3277.0,3277.0,3277.0,3277.0,300
2022-04-04 09:10:00,3279.0462,3279.0462,3279.0462,3279.0462,100
2022-04-04 09:15:00,3280.1982,3280.1982,3280.1982,3280.1982,323
2022-04-04 09:25:00,3282.0,3282.0,3281.4,3281.4,2182
2022-04-04 09:30:00,3282.5,3290.0,3264.11,3272.02,51169
2022-04-04 09:35:00,3272.24,3302.655,3272.24,3302.0,31582
2022-04-04 09:40:00,3303.0,3315.0,3301.38,3310.245,51892
2022-04-04 09:45:00,3311.32,3315.0,3304.0,3314.6618,32977
2022-04-04 09:50:00,3314.68,3316.945,3309.02,3313.01,23474
2022-04-04 09:55:00,3315.0,3329.4,3312.48,3328.5,29997
2022-04-04 10:00:00,3330.0,3336.62,3328.9148,3328.9148,20171
2022-04-04 10:05:00,3325.133,3330.74,3323.37,3327.14,12066
2022-04-04 10:10:00,3326.47,3331.99,3322.1,3326.52,17496
2022-04-04 10:15:00,3327.01,3329.42,3319.17,3322.01,17556
2022-04-04 10:20:00,3323.8024,3325.96,3315.88,3322.94,14897
2022-04-04 10:25:00,3322.64,3327.8,3320.01,3324.4,10796
2022-04-04 10:30:00,3325.65,3328.4808,3321.41,3324.735,6230
2022-04-04 10:35:00,3325.52,3335.0,3323.48,3332.83,13922
2022-04-04 10:40:00,3332.55,3332.55,3326.53,3330.6182,8714
2022-04-04 10:45:00,3330.515,3330.515,3322.6638,3328.19,6871
2022-04-04 10:50:00,3327.97,3329.145,3325.07,3327.32,4403
2022-04-04 10:55:00,3328.0,3334.852,3326.81,3333.44,5005
2022-04-04 11:00:00,3333.3,3338.435,3333.3,3336.835,13341
2022-04-04 11:05:00,3336.845,3338.38,3332.235,3336.57,12694
2022-04-04 11:10:00,3336.49,3337.25,3332.06,3333.25,6361
2022-04-04 11:15:00,3333.87,3335.66,3327.355,3327.9616,12335
2022-04-04 11:20:00,3325.08,3329.739,3325.08,3327.44,6469
2022-04-04 11:25:00,3328.95,3330.32,3326.0,3326.95,4951
2022-04-04 11:30:00,3328.97,3334.92,3328.71,3331.76,6512
2022-04-04 11:35:00,3331.3066,3334.0,3330.04,3334.0,4072
2022-04-04 11:40:00,3334.99,3335.6272,3333.01,3334.24,6211
2022-04-04 11:45:00,3334.39,3338.0,3333.51,3337.52,5393
2022-04-04 11:50:00,3338.0,3340.0,3335.27,3337.965,4813
2022-04-04 11:55:00,3337.675,3338.0,3334.61,3336.33,4759
2022-04-04 12:00:00,3335.25,3338.0,3334.98,3336.2,6908
2022-04-04 12:05:00,3335.58,3339.24,3334.1404,3339.0,7049
2022-04-04 12:10:00,3339.96,3341.34,3335.77,3341.18,10867
2022-04-04 12:15:00,3341.22,3341.22,3338.31,3340.86,8743
2022-04-04 12:20:00,3340.37,3341.29,3339.62,3340.78,7629
2022-04-04 12:25:00,3340.46,3344.0,3340.46,3343.05,11094
2022-04-04 12:30:00,3343.0,3347.01,3342.14,3345.88,12456
2022-04-04 12:35:00,3345.75,3346.8,3338.12,3339.217,5802
2022-04-04 12:40:00,3338.97,3341.57,3336.965,3339.3,4657
2022-04-04 12:45:00,3338.48,3339.8522,3335.185,3336.935,3881
2022-04-04 12:50:00,3336.52,3339.58,3336.48,3338.37,2819
2022-04-04 12:55:00,3338.12,3338.12,3335.72,3337.45,2399
2022-04-04 13:00:00,3338.48,3339.225,3335.8,3338.125,5452
2022-04-04 13:05:00,3335.995,3337.13,3334.44,3337.13,5311
2022-04-04 13:10:00,3336.1,3338.66,3334.677,3338.66,2547
2022-04-04 13:15:00,3339.22,3342.05,3336.14,3342.05,5904
2022-04-04 13:20:00,3341.21,3341.21,3339.23,3340.502,2410
2022-04-04 13:25:00,3341.37,3343.0,3340.99,3341.51,4434
2022-04-04 13:30:00,3342.02,3343.1636,3341.6816,3342.015,3765
2022-04-04 13:35:00,3342.045,3342.89,3339.42,3340.785,2559
2022-04-04 13:40:00,3341.58,3341.945,3339.45,3341.725,2350
2022-04-04 13:45:00,3342.16,3343.46,3340.6374,3343.08,3403
2022-04-04 13:50:00,3341.3084,3343.0,3340.4402,3342.08,3458
2022-04-04 13:55:00,3341.25,3342.68,3341.1202,3341.55,3288
2022-04-04 14:00:00,3341.1,3341.1,3335.27,3337.07,7769
2022-04-04 14:05:00,3336.64,3336.64,3329.0,3330.22,12314
2022-04-04 14:10:00,3330.6826,3335.61,3330.019,3333.991,6898
2022-04-04 14:15:00,3333.9,3339.8098,3333.0,3338.4776,5238
2022-04-04 14:20:00,3338.24,3341.3498,3336.895,3340.43,6333
2022-04-04 14:25:00,3340.58,3345.42,3340.39,3344.48,9602
2022-04-04 14:30:00,3345.47,3346.85,3342.33,3346.16,8594
2022-04-04 14:35:00,3346.9838,3347.0916,3345.1932,3345.98,3938
2022-04-04 14:40:00,3345.7,3345.75,3343.6802,3345.67,3193
2022-04-04 14:45:00,3346.5,3349.0,3344.55,3344.55,6597
2022-04-04 14:50:00,3345.99,3346.62,3342.6,3345.61,2946
2022-04-04 14:55:00,3346.0,3346.0,3342.11,3342.3,2459
2022-04-04 15:00:00,3342.58,3343.645,3338.12,3340.385,9221
2022-04-04 15:05:00,3340.195,3343.835,3338.63,3343.32,7305
2022-04-04 15:10:00,3344.06,3345.0,3340.3,3344.13,7214
2022-04-04 15:15:00,3344.315,3346.0,3342.0,3343.01,5711
2022-04-04 15:20:00,3343.34,3348.035,3343.34,3345.85,13922
2022-04-04 15:25:00,3345.84,3351.65,3345.69,3349.0,32262
2022-04-04 15:30:00,3349.37,3355.0,3349.01,3353.2444,14660
2022-04-04 15:35:00,3353.0,3356.16,3352.975,3355.035,13717
2022-04-04 15:40:00,3355.0,3357.47,3354.93,3355.18,17114
2022-04-04 15:45:00,3354.69,3359.71,3353.68,3358.7412,27930
2022-04-04 15:50:00,3359.78,3365.36,3359.72,3364.98,24134
2022-04-04 15:55:00,3365.42,3367.89,3361.265,3367.38,45455
2022-04-04 16:00:00,3366.93,3366.93,3364.53,3366.93,192017
2022-04-04 16:05:00,3365.44,3367.0,3365.44,3367.0,298
2022-04-04 16:10:00,3366.93,3366.93,3366.93,3366.93,4283
2022-04-04 16:15:00,3368.0,3368.0,3368.0,3368.0,100
2022-04-04 16:20:00,3366.94,3366.94,3366.94,3366.94,210
2022-04-04 16:25:00,3369.0,3369.0,3369.0,3369.0,430
2022-04-04 16:30:00,3366.93,3371.0,3366.93,3369.5116,2091
2022-04-04 16:35:00,3369.99,3369.99,3369.99,3369.99,151
2022-04-04 16:40:00,3370.0,3370.0,3370.0,3370.0,1000
2022-04-04 16:45:00,3370.0,3370.0,3370.0,3370.0,115
2022-04-04 16:55:00,3369.88,3369.88,3369.88,3369.88,118
2022-04-04 17:00:00,3369.0,3369.0,3369.0,3369.0,1000
2022-04-04 17:05:00,3366.93,3366.93,3366.93,3366.93,2280
2022-04-04 17:30:00,3367.0,3367.0,3367.0,3367.0,169
2022-04-04 17:40:00,3365.01,3365.01,3365.01,3365.01,100
2022-04-04 17:50:00,3365.0,3365.0,3365.0,3365.0,400
2022-04-04 18:10:00,3364.5,3364.5,3364.47,3364.5,1200
2022-04-04 18:20:00,3361.0,3361.0,3361.0,3361.0,202
2022-04-04 18:30:00,3362.54,3362.54,3362.54,3362.54,100
2022-04-04 18:50:00,3364.5,3364.5,3364.5,3364.5,100
2022-04-04 19:35:00,3364.13,3364.13,3364.13,3364.13,200
2022-04-04 19:55:00,3366.93,3366.93,3366.93,3366.93,443
2022-04-05 04:00:00,3373.0,3373.0,3373.0,3373.0,101
2022-04-05 06:20:00,3356.0,3356.0,3356.0,3356.0,100
2022-04-05 07:00:00,3359.0,3359.0,3359.0,3359.0,171
2022-04-05 07:20:00,3354.0,3354.0,3354.0,3354.0,154
2022-04-05 08:00:00,3356.8,3356.8,3356.8,3356.8,300
2022-04-05 08:15:00,3360.0,3360.2,3360.0,3360.0,590
2022-04-05 08:20:00,3359.0,3359.0,3359.0,3359.0,100
2022-04-05 08:55:00,3357.37,3357.37,3356.91,3356.91,200
2022-04-05 09:05:00,3357.13,3357.13,3357.13,3357.13,100
2022-04-05 09:25:00,3355.0,3359.1,3350.05,3352.1,2957
2022-04-05 09:30:00,3354.83,3362.21,3346.76,3350.0,54656
2022-04-05 09:35:00,3351.39,3355.303,3341.48,3350.2202,18428
2022-04-05 09:40:00,3352.09,3352.09,3335.0,3340.0,23788
2022-04-05 09:45:00,3340.17,3346.03,3336.0,3336.0,21775
2022-04-05 09:50:00,3338.85,3339.91,3328.4524,3329.91,18565
2022-04-05 09:55:00,3330.66,3344.52,3329.99,3342.695,23140
2022-04-05 10:00:00,3341.8254,3350.08,3335.0,3335.08,23861
2022-04-05 10:05:00,3333.0,3333.0,3313.905,3315.03,30474
2022-04-05 10:10:00,3315.62,3320.1286,3308.76,3312.6,18772
2022-04-05 10:15:00,3311.5412,3312.8,3305.59,3311.21,19375
2022-04-05 10:20:00,3311.74,3319.68,3310.335,3315.91,17778
2022-04-05 10:25:00,3315.7994,3318.51,3312.0438,3316.98,10787
2022-04-05 10:30:00,3316.96,3322.2,3314.962,3316.06,14477
2022-04-05 10:35:00,3314.245,3316.59,3300.0,3302.45,20128
2022-04-05 10:40:00,3304.675,3304.675,3296.53,3297.75,19202
2022-04-05 10:45:00,3298.49,3306.845,3298.17,3306.845,12990
2022-04-05 10:50:00,3306.955,3315.64,3303.68,3315.15,13549
2022-04-05 10:55:00,3314.58,3314.58,3309.64,3312.62,14276
2022-04-05 11:00:00,3312.707,3313.12,3304.38,3308.4852,10125
2022-04-05 11:05:00,3308.0454,3312.0,3304.58,3305.73,7677
2022-04-05 11:10:00,3305.0,3308.3188,3301.0,3306.06,8110
2022-04-05 11:15:00,3306.747,3308.6076,3301.0,3302.735,5762
2022-04-05 11:20:00,3302.7874,3308.0,3301.0,3301.0,5670
2022-04-05 11:25:00,3300.86,3305.95,3299.01,3305.0,7466
2022-04-05 11:30:00,3303.99,3308.31,3303.11,3306.2,5032
2022-04-05 11:35:00,3306.21,3306.21,3295.0,3296.535,11631
2022-04-05 11:40:00,3297.14,3301.1638,3295.81,3300.0,5081
2022-04-05 11:45:00,3300.08,3300.945,3297.49,3300.89,7491
2022-04-05 11:50:00,3301.5826,3305.2,3300.87,3302.25,3572
2022-04-05 11:55:00,3302.4424,3305.67,3301.9,3304.48,1955
2022-04-05 12:00:00,3304.85,3307.6,3300.12,3301.89,4249
2022-04-05 12:05:00,3301.35,3304.8304,3301.35,3304.8304,5076
2022-04-05 12:10:00,3304.6512,3304.68,3302.75,3303.06,2100
2022-04-05 12:15:00,3302.0,3302.2404,3295.0,3295.5786,8981
2022-04-05 12:20:00,3295.5318,3296.4,3290.0,3293.88,10767
2022-04-05 12:25:00,3293.7,3294.1926,3290.92,3293.76,8400
2022-04-05 12:30:00,3293.725,3296.4,3292.9874,3294.45,4315
2022-04-05 12:35:00,3294.0,3298.74,3293.41,3298.74,4878
2022-04-05 12:40:00,3296.88,3298.47,3295.02,3295.4,5716
2022-04-05 12:45:00,3294.755,3298.0,3293.15,3296.7,10688
2022-04-05 12:50:00,3296.84,3298.4,3295.66,3297.33,8288
2022-04-05 12:55:00,3298.07,3301.92,3298.07,3299.58,5561
2022-04-05 13:00:00,3300.6066,3301.29,3299.38,3299.925,1948
2022-04-05 13:05:00,3298.45,3303.01,3297.01,3303.01,5266
2022-04-05 13:10:00,3304.0,3308.0,3303.615,3308.0,4068
2022-04-05 13:15:00,3308.0,3308.54,3305.975,3308.24,3861
2022-04-05 13:20:00,3307.565,3307.565,3304.0,3304.0,1502
2022-04-05 13:25:00,3304.12,3304.59,3302.47,3302.8,2028
2022-04-05 13:30:00,3303.46,3303.46,3297.46,3297.55,2361
2022-04-05 13:35:00,3297.0,3297.81,3295.025,3297.0,7107
2022-04-05 13:40:00,3296.18,3297.188,3291.07,3293.3376,8891
2022-04-05 13:45:00,3292.67,3292.67,3288.29,3289.6142,8235
2022-04-05 13:50:00,3288.5,3291.16,3286.15,3289.21,10277
2022-04-05 13:55:00,3287.855,3293.58,3286.0,3292.07,9924
2022-04-05 14:00:00,3293.01,3294.07,3288.0,3289.5178,5011
2022-04-05 14:05:00,3289.77,3292.87,3288.87,3290.0,4060
2022-04-05 14:10:00,3290.47,3293.93,3290.0,3293.93,4358
2022-04-05 14:15:00,3293.07,3296.76,3291.14,3294.4234,3303
2022-04-05 14:20:00,3296.73,3297.23,3292.755,3292.94,2972
2022-04-05 14:25:00,3292.69,3292.7,3288.54,3289.0,4191
2022-04-05 14:30:00,3289.12,3290.52,3286.45,3288.8,6087
2022-04-05 14:35:00,3288.27,3291.99,3282.93,3283.13,10277
2022-04-05 14:40:00,3284.0,3289.51,3284.0,3289.51,5302
2022-04-05 14:45:00,3288.96,3290.47,3287.0624,3290.47,2677
2022-04-05 14:50:00,3290.8624,3292.48,3288.12,3288.32,5160
2022-04-05 14:55:00,3290.58,3292.498,3283.545,3284.36,6442
2022-04-05 15:00:00,3284.3,3287.4462,3281.0,3281.28,10315
2022-04-05 15:05:00,3281.84,3283.24,3277.61,3278.1228,16454
2022-04-05 15:10:00,3277.99,3278.4926,3270.485,3270.97,19473
2022-04-05 15:15:00,3270.97,3272.14,3267.13,3268.13,31824
2022-04-05 15:20:00,3267.87,3271.2002,3266.765,3271.2002,20195
2022-04-05 15:25:00,3270.38,3274.99,3266.938,3272.81,17777
2022-04-05 15:30:00,3272.13,3272.13,3266.79,3268.02,11912
2022-04-05 15:35:00,3269.61,3270.93,3265.32,3267.41,10804
2022-04-05 15:40:00,3268.0,3273.13,3265.61,3273.13,13170
2022-04-05 15:45:00,3273.41,3274.04,3267.87,3270.975,11951
2022-04-05 15:50:00,3269.68,3281.09,3269.68,3278.56,28409
2022-04-05 15:55:00,3278.14,3283.02,3277.405,3281.1,37637
2022-04-05 16:00:00,3281.1,3281.21,3281.1,3281.1,172791
2022-04-05 16:05:00,3281.1,3281.1,3281.1,3281.1,932
2022-04-05 16:10:00,3281.1,3286.0,3281.1,3286.0,4473
2022-04-05 16:15:00,3285.97,3287.5,3285.97,3287.49,1400
2022-04-05 16:20:00,3288.0,3288.0044,3288.0,3288.0044,200
2022-04-05 16:25:00,3289.25,3289.25,3289.0,3289.0,669
2022-04-05 16:35:00,3288.0,3288.0,3288.0,3288.0,578
2022-04-05 16:40:00,3281.1,3281.1,3281.1,3281.1,3377
2022-04-05 16:45:00,3288.25,3288.25,3288.25,3288.25,107
2022-04-05 16:50:00,3288.0,3288.0,3288.0,3288.0,225
2022-04-05 16:55:00,3289.0,3289.0,3289.0,3289.0,328
2022-04-05 17:00:00,3289.0,3289.0,3289.0,3289.0,100
2022-04-05 17:35:00,3289.0,3289.0,3289.0,3289.0,307
2022-04-05 17:45:00,3289.0,3289.0,3289.0,3289.0,500
2022-04-05 17:55:00,3289.0042,3289.0042,3289.0,3289.0,986
2022-04-05 18:05:00,3288.0,3288.0,3288.0,3288.0,853
2022-04-05 18:30:00,3285.32,3285.32,3284.0,3284.0,803
2022-04-05 18:40:00,3286.0,3286.0,3286.0,3286.0,119
2022-04-05 18:45:00,3284.0,3284.0,3284.0,3284.0,100
2022-04-05 19:00:00,3284.0,3284.0,3284.0,3284.0,200
2022-04-06 06:15:00,3252.0,3252.12,3252.0,3252.12,200
2022-04-06 06:20:00,3252.0,3252.0,3252.0,3252.0,260
2022-04-06 07:00:00,3254.75,3254.75,3254.75,3254.75,100
2022-04-06 07:05:00,3252.0,3252.88,3252.0,3252.88,300
2022-04-06 07:10:00,3249.44,3249.44,3247.13,3247.13,350
2022-04-06 07:15:00,3248.0,3248.0,3248.0,3248.0,176
2022-04-06 07:20:00,3247.52,3247.52,3245.0,3245.0,700
2022-04-06 07:25:00,3236.36,3236.36,3236.35,3236.35,200
2022-04-06 07:30:00,3237.0,3237.0,3237.0,3237.0,100
2022-04-06 07:35:00,3238.0,3238.0,3238.0,3238.0,100
2022-04-06 07:40:00,3236.01,3236.01,3236.01,3236.01,100
2022-04-06 07:50:00,3234.0,3234.0,3234.0,3234.0,100
2022-04-06 07:55:00,3231.0,3231.0,3231.0,3231.0,100
2022-04-06 08:00:00,3245.4812,3252.0,3228.0,3229.0,1410
2022-04-06 08:05:00,3230.0,3230.0,3230.0,3230.0,337
2022-04-06 08:20:00,3230.0,3230.0,3230.0,3230.0,100
2022-04-06 08:35:00,3233.9988,3235.44,3233.9988,3235.44,1000
2022-04-06 08:40:00,3236.0,3236.0,3235.32,3235.32,206
2022-04-06 08:45:00,3235.0,3235.0,3235.0,3235.0,100
2022-04-06 08:55:00,3234.325,3237.0,3234.325,3237.0,217
2022-04-06 09:00:00,3236.5062,3236.5062,3236.5062,3236.5062,100
2022-04-06 09:05:00,3239.75,3240.0,3239.75,3240.0,300
2022-04-06 09:10:00,3241.89,3281.1,3241.89,3281.1,30680
2022-04-06 09:15:00,3245.0,3245.0,3244.99,3245.0,300
2022-04-06 09:20:00,3244.0,3245.73,3244.0,3244.5,954
2022-04-06 09:25:00,3242.0,3243.0,3236.0,3237.49,2853
2022-04-06 09:30:00,3233.32,3244.0,3221.0,3233.555,91200
2022-04-06 09:35:00,3231.31,3234.78,3216.18,3219.93,38599
2022-04-06 09:40:00,3219.03,3221.01,3199.0,3199.2,40628
2022-04-06 09:45:00,3198.2,3199.61,3180.0,3187.71,53681
2022-04-06 09:50:00,3186.085,3195.8198,3184.4502,3193.31,27694
2022-04-06 09:55:00,3192.15,3196.08,3183.08,3185.69,19751
2022-04-06 10:00:00,3184.14,3187.99,3168.15,3177.36,39290
2022-04-06 10:05:00,3176.67,3179.47,3165.06,3166.54,22249
2022-04-06 10:10:00,3165.21,3177.84,3163.0,3177.36,27526
2022-04-06 10:15:00,3178.0,3187.28,3175.01,3176.96,24339
2022-04-06 10:20:00,3175.0,3181.44,3174.01,3174.01,14409
2022-04-06 10:25:00,3172.97,3173.81,3165.0,3166.29,17027
2022-04-06 10:30:00,3166.9,3173.24,3165.4734,3169.43,15820
2022-04-06 10:35:00,3171.2942,3178.36,3168.0,3175.74,19474
2022-04-06 10:40:00,3173.41,3185.0,3171.21,3183.3,17951
2022-04-06 10:45:00,3182.94,3186.9976,3175.92,3177.55,21452
2022-04-06 10:50:00,3176.995,3178.76,3167.14,3171.0406,13452
2022-04-06 10:55:00,3170.72,3178.08,3170.72,3177.16,7046
2022-04-06 11:00:00,3175.0,3184.78,3174.1,3182.61,10150
2022-04-06 11:05:00,3182.975,3183.87,3167.09,3167.81,19588
2022-04-06 11:10:00,3167.12,3177.76,3166.0,3174.51,22445
2022-04-06 11:15:00,3173.5214,3174.055,3165.0,3167.75,19547
2022-04-06 11:20:00,3167.5,3181.99,3165.79,3175.4632,13825
2022-04-06 11:25:00,3175.0266,3179.5,3172.995,3177.925,7771
2022-04-06 11:30:00,3178.105,3178.375,3171.41,3176.67,5096
2022-04-06 11:35:00,3176.14,3178.0,3173.4378,3174.99,3317
2022-04-06 11:40:00,3177.73,3182.35,3175.42,3181.95,8940
2022-04-06 11:45:00,3183.73,3185.0,3178.08,3184.48,13495
2022-04-06 11:50:00,3183.85,3187.0,3178.985,3184.05,9759
2022-04-06 11:55:00,3182.675,3182.8,3179.789,3181.5,4212
2022-04-06 12:00:00,3182.34,3184.705,3175.0,3175.0,7112
2022-04-06 12:05:00,3177.029,3180.91,3174.675,3176.96,5230
2022-04-06 12:10:00,3176.9,3178.385,3171.2568,3174.0268,8128
2022-04-06 12:15:00,3172.0,3172.285,3169.0,3170.8526,5409
2022-04-06 12:20:00,3169.0,3169.0,3165.41,3168.25,10065
2022-04-06 12:25:00,3168.22,3168.31,3165.74,3166.6718,4545
2022-04-06 12:30:00,3166.9,3171.6274,3165.66,3167.895,10473
2022-04-06 12:35:00,3168.07,3170.37,3166.88,3170.37,9108
2022-04-06 12:40:00,3170.14,3172.05,3168.24,3169.425,5977
2022-04-06 12:45:00,3170.345,3171.31,3165.34,3170.61,17669
2022-04-06 12:50:00,3171.25,3175.99,3170.12,3175.99,5744
2022-04-06 12:55:00,3174.94,3179.99,3174.04,3177.94,10635
2022-04-06 13:00:00,3177.94,3178.02,3175.1674,3176.58,4500
2022-04-06 13:05:00,3176.945,3181.0,3176.945,3178.67,4949
2022-04-06 13:10:00,3178.415,3180.54,3177.2106,3178.455,3074
2022-04-06 13:15:00,3177.5,3186.9,3176.4,3185.665,15037
2022-04-06 13:20:00,3185.04,3186.0,3183.455,3183.74,2998
2022-04-06 13:25:00,3182.4,3182.4,3179.388,3182.1504,4834
2022-04-06 13:30:00,3182.71,3191.32,3180.64,3186.72,8389
2022-04-06 13:35:00,3186.41,3192.43,3182.245,3190.0,8545
2022-04-06 13:40:00,3191.745,3201.96,3190.23,3194.518,15038
2022-04-06 13:45:00,3193.8942,3198.55,3189.63,3198.55,9518
2022-04-06 13:50:00,3198.99,3198.99,3192.9134,3192.9134,9763
2022-04-06 13:55:00,3194.23,3195.02,3185.3978,3187.955,7865
2022-04-06 14:00:00,3187.94,3213.4404,3185.0,3198.85,26176
2022-04-06 14:05:00,3197.29,3200.1132,3170.01,3171.95,19144
2022-04-06 14:10:00,3170.0,3181.13,3169.0,3173.145,12896
2022-04-06 14:15:00,3172.2,3172.2,3151.0,3151.065,36812
2022-04-06 14:20:00,3150.93,3156.502,3145.09,3153.625,37838
2022-04-06 14:25:00,3154.11,3164.0,3151.85,3156.09,27082
2022-04-06 14:30:00,3156.6,3186.35,3154.4166,3185.94,25141
2022-04-06 14:35:00,3188.03,3192.05,3167.54,3168.705,16741
2022-04-06 14:40:00,3168.16,3172.67,3158.01,3167.29,13348
2022-04-06 14:45:00,3169.07,3175.68,3162.2,3164.6184,12365
2022-04-06 14:50:00,3167.24,3177.1726,3165.036,3176.6232,9924
2022-04-06 14:55:00,3179.96,3200.42,3179.96,3199.98,25248
2022-04-06 15:00:00,3199.81,3214.7486,3198.77,3210.875,56979
2022-04-06 15:05:00,3208.925,3209.55,3190.3614,3195.95,25823
2022-04-06 15:10:00,3199.4,3203.92,3190.59,3198.77,11958
2022-04-06 15:15:00,3198.8,3204.925,3186.96,3187.985,11682
2022-04-06 15:20:00,3186.51,3186.51,3178.32,3180.0,9908
2022-04-06 15:25:00,3181.89,3182.2,3171.42,3172.03,8666
2022-04-06 15:30:00,3172.43,3177.53,3166.2,3166.74,20891
2022-04-06 15:35:00,3169.73,3184.2648,3166.63,3180.76,24795
2022-04-06 15:40:00,3180.73,3189.46,3175.5,3185.7368,18610
2022-04-06 15:45:00,3184.74,3196.505,3183.01,3190.28,15275
2022-04-06 15:50:00,3191.96,3191.96,3175.57,3177.781,22557
2022-04-06 15:55:00,3178.41,3186.6,3172.28,3174.505,59664
2022-04-06 16:00:00,3175.12,3175.12,3172.75,3175.12,249230
2022-04-06 16:05:00,3175.12,3175.12,3174.9,3175.12,4296
2022-04-06 16:10:00,3174.5,3174.5,3174.5,3174.5,198
2022-04-06 16:15:00,3170.2002,3170.2002,3170.2002,3170.2002,145
2022-04-06 16:20:00,3175.12,3175.12,3170.3602,3170.3602,1754
2022-04-06 16:30:00,3175.12,3175.12,3175.12,3175.12,264
2022-04-06 16:35:00,3175.12,3175.12,3175.12,3175.12,3153
2022-04-06 17:10:00,3173.0,3173.0,3173.0,3173.0,100
2022-04-06 17:20:00,3171.05,3171.05,3171.05,3171.05,200
2022-04-06 17:25:00,3170.35,3171.525,3170.35,3171.525,403
2022-04-06 18:00:00,3172.38,3172.38,3171.55,3171.55,200
2022-04-06 18:05:00,3172.77,3173.0,3172.77,3173.0,200
2022-04-06 18:20:00,3175.0,3175.0,3175.0,3175.0,100
2022-04-06 19:00:00,3172.0,3172.0,3172.0,3172.0,471
2022-04-06 19:15:00,3170.0,3170.0,3170.0,3170.0,228
2022-04-06 19:30:00,3169.1,3169.1,3169.1,3169.1,150
2022-04-07 06:30:00,3189.1,3189.1,3189.1,3189.1,100
2022-04-07 07:00:00,3185.0,3185.0,3183.0,3183.0,344
2022-04-07 07:05:00,3190.07,3190.07,3190.07,3190.07,100
2022-04-07 07:15:00,3190.0,3190.0,3190.0,3190.0,348
2022-04-07 07:20:00,3189.75,3189.75,3189.75,3189.75,100
2022-04-07 08:00:00,3188.339,3194.89,3181.2862,3182.593,1775
2022-04-07 08:05:00,3181.0,3181.0,3181.0,3181.0,100
2022-04-07 08:20:00,3182.0,3182.0,3182.0,3182.0,100
2022-04-07 08:50:00,3178.41,3178.41,3178.41,3178.41,100
2022-04-07 08:55:00,3175.0,3175.0,3175.0,3175.0,100
2022-04-07 09:00:00,3172.51,3172.51,3172.51,3172.51,100
2022-04-07 09:05:00,3170.0,3170.0,3170.0,3170.0,5520
2022-04-07 09:15:00,3170.0,3170.0,3168.2016,3170.0,410
2022-04-07 09:20:00,3174.5008,3174.5008,3174.5008,3174.5008,300
2022-04-07 09:25:00,3170.17,3170.17,3168.5,3168.5,200
2022-04-07 09:30:00,3168.0,3194.95,3167.17,3193.345,55631
2022-04-07 09:35:00,3193.57,3201.58,3185.48,3187.55,18493
2022-04-07 09:40:00,3188.4,3193.0988,3170.43,3173.155,18864
2022-04-07 09:45:00,3175.0,3178.25,3165.0,3167.2,15529
2022-04-07 09:50:00,3168.43,3192.33,3167.425,3190.49,26201
2022-04-07 09:55:00,3189.3896,3197.99,3182.7232,3187.74,14434
2022-04-07 10:00:00,3188.1,3196.235,3174.0,3174.0,19409
2022-04-07 10:05:00,3178.03,3181.08,3172.0,3174.93,10933
2022-04-07 10:10:00,3174.505,3186.88,3171.28,3180.81,11327
2022-04-07 10:15:00,3180.91,3182.37,3172.63,3177.9634,9561
2022-04-07 10:20:00,3174.0,3174.0,3165.0,3169.1848,13954
2022-04-07 10:25:00,3168.345,3177.3908,3168.345,3171.0,11016
2022-04-07 10:30:00,3169.9174,3179.7756,3167.6568,3170.74,12129
2022-04-07 10:35:00,3172.265,3180.0,3162.43,3162.82,17004
2022-04-07 10:40:00,3162.45,3163.285,3152.0,3156.65,24620
2022-04-07 10:45:00,3157.55,3161.5998,3155.77,3157.7,12830
2022-04-07 10:50:00,3158.3,3168.6,3158.3,3163.25,13211
2022-04-07 10:55:00,3164.51,3167.46,3158.73,3159.3454,6148
2022-04-07 11:00:00,3160.54,3170.0,3160.2,3165.565,14752
2022-04-07 11:05:00,3165.4526,3165.4526,3154.925,3155.4454,7886
2022-04-07 11:10:00,3156.915,3157.14,3146.86,3151.55,13902
2022-04-07 11:15:00,3149.285,3155.0,3145.26,3151.55,13046
2022-04-07 11:20:00,3151.85,3159.18,3151.01,3155.7,9447
2022-04-07 11:25:00,3153.65,3155.37,3145.5,3147.095,7747
2022-04-07 11:30:00,3147.93,3147.93,3137.139,3142.69,21683
2022-04-07 11:35:00,3145.0,3150.755,3145.0,3147.315,14642
2022-04-07 11:40:00,3143.26,3146.15,3130.87,3132.21,11933
2022-04-07 11:45:00,3131.115,3140.98,3131.115,3136.03,10053
2022-04-07 11:50:00,3137.515,3137.515,3119.265,3121.1,27794
2022-04-07 11:55:00,3121.01,3122.23,3116.69,3122.23,18137
2022-04-07 12:00:00,3121.09,3126.0,3119.2,3121.73,15082
2022-04-07 12:05:00,3122.47,3127.79,3119.84,3127.5308,10136
2022-04-07 12:10:00,3128.4,3131.265,3122.218,3126.655,16713
2022-04-07 12:15:00,3127.06,3128.93,3120.0,3122.06,7452
2022-04-07 12:20:00,3120.6,3124.28,3115.27,3118.21,17227
2022-04-07 12:25:00,3116.2,3121.3,3107.82,3107.82,15534
2022-04-07 12:30:00,3107.25,3107.58,3094.735,3097.0842,46512
2022-04-07 12:35:00,3096.02,3099.99,3092.9,3093.0,26214
2022-04-07 12:40:00,3092.935,3094.67,3090.23,3092.02,24774
2022-04-07 12:45:00,3093.27,3099.5698,3093.27,3098.0,20705
2022-04-07 12:50:00,3096.46,3102.84,3096.46,3100.045,20110
2022-04-07 12:55:00,3098.02,3103.0,3097.386,3103.0,19584
2022-04-07 13:00:00,3103.075,3110.0,3101.89,3106.1102,26136
2022-04-07 13:05:00,3107.68,3113.5398,3106.51,3110.68,21388
2022-04-07 13:10:00,3111.69,3119.91,3109.5286,3114.22,16992
2022-04-07 13:15:00,3113.91,3123.255,3111.97,3119.84,12089
2022-04-07 13:20:00,3120.42,3123.77,3113.99,3116.745,7785
2022-04-07 13:25:00,3117.9832,3132.14,3117.155,3128.64,15166
2022-04-07 13:30:00,3128.67,3130.0,3122.045,3122.405,10608
2022-04-07 13:35:00,3122.495,3125.96,3117.2,3117.2,7479
2022-04-07 13:40:00,3118.525,3123.0,3114.99,3114.99,5138
2022-04-07 13:45:00,3115.7,3121.91,3112.605,3112.615,9553
2022-04-07 13:50:00,3112.0,3116.99,3111.08,3114.99,8523
2022-04-07 13:55:00,3112.555,3128.0,3112.555,3128.0,19962
2022-04-07 14:00:00,3127.17,3132.2,3122.1,3122.1,24300
2022-04-07 14:05:00,3123.48,3129.76,3119.21,3128.77,9452
2022-04-07 14:10:00,3128.2954,3129.0,3122.6624,3126.08,5334
2022-04-07 14:15:00,3125.14,3125.14,3115.7684,3118.23,4850
2022-04-07 14:20:00,3120.57,3126.75,3119.837,3126.75,5426
2022-04-07 14:25:00,3128.0,3139.097,3127.315,3129.64,24117
2022-04-07 14:30:00,3128.735,3130.13,3125.63,3127.82,6066
2022-04-07 14:35:00,3125.97,3131.495,3123.675,3130.745,6506
2022-04-07 14:40:00,3126.38,3132.91,3126.38,3132.01,4028
2022-04-07 14:45:00,3132.727,3138.035,3129.07,3136.43,18431
2022-04-07 14:50:00,3135.395,3146.12,3135.09,3145.23,17009
2022-04-07 14:55:00,3145.54,3156.0,3145.25,3155.265,13103
2022-04-07 15:00:00,3153.86,3167.905,3152.935,3164.15,28594
2022-04-07 15:05:00,3165.44,3170.32,3162.04,3167.78,30255
2022-04-07 15:10:00,3168.38,3175.0,3164.87,3174.6666,30729
2022-04-07 15:15:00,3173.0,3174.66,3165.0,3165.816,25091
2022-04-07 15:20:00,3165.0,3165.0,3156.01,3157.98,17764
2022-04-07 15:25:00,3158.99,3162.6,3156.03,3157.155,15501
2022-04-07 15:30:00,3157.492,3167.0162,3157.492,3164.905,17925
2022-04-07 15:35:00,3165.68,3167.53,3162.91,3166.0,15935
2022-04-07 15:40:00,3166.51,3172.71,3165.39,3169.795,10333
2022-04-07 15:45:00,3168.05,3175.155,3160.35,3161.7,15032
2022-04-07 15:50:00,3160.4,3165.29,3154.37,3156.26,21863
2022-04-07 15:55:00,3156.5,3157.0,3151.95,3154.87,35073
2022-04-07 16:00:00,3155.69,3155.69,3153.0,3155.69,216567
2022-04-07 16:05:00,3155.69,3155.69,3155.69,3155.69,731
2022-04-07 16:15:00,3154.5,3154.5,3154.5,3154.5,100
2022-04-07 16:20:00,3155.69,3155.69,3155.69,3155.69,382
2022-04-07 16:25:00,3153.0,3153.0,3153.0,3153.0,100
2022-04-07 16:30:00,3155.69,3155.69,3155.69,3155.69,358
2022-04-07 16:35:00,3153.99,3153.99,3152.76,3152.76,367
2022-04-07 16:40:00,3154.0,3154.0,3154.0,3154.0,199
2022-04-07 16:45:00,3153.85,3153.85,3153.85,3153.85,100
2022-04-07 17:55:00,3154.01,3154.01,3154.01,3154.01,100
2022-04-07 18:00:00,3154.97,3154.99,3154.97,3154.99,300
2022-04-07 18:25:00,3154.21,3154.21,3154.21,3154.21,150
2022-04-07 18:35:00,3153.9,3153.9,3153.9,3153.9,100
2022-04-07 18:55:00,3154.7,3154.7,3154.7,3154.7,100
2022-04-07 19:25:00,3155.0,3155.0,3155.0,3155.0,1810
2022-04-07 19:30:00,3155.69,3155.69,3155.69,3155.69,196
2022-04-07 19:50:00,3156.67,3159.39,3156.67,3159.39,854
2022-04-07 19:55:00,3161.0,3161.0,3161.0,3161.0,200
2022-04-08 04:15:00,3175.25,3175.25,3175.0,3175.0,200
2022-04-08 04:45:00,3170.0,3170.0,3170.0,3170.0,212
2022-04-08 07:10:00,3168.0,3172.0,3168.0,3172.0,300
2022-04-08 07:15:00,3170.25,3170.25,3170.0,3170.0,1348
2022-04-08 07:35:00,3169.98,3170.05,3169.98,3170.05,325
2022-04-08 07:45:00,3168.0,3168.0,3168.0,3168.0,100
2022-04-08 08:00:00,3162.99,3171.99,3155.0,3161.3674,2876
2022-04-08 08:30:00,3163.0,3163.0,3163.0,3163.0,150
2022-04-08 08:40:00,3156.0,3156.0,3155.0,3155.0,304
2022-04-08 08:45:00,3154.0,3154.0,3154.0,3154.0,100
2022-04-08 08:55:00,3151.57,3151.57,3150.0,3150.0,464
2022-04-08 09:00:00,3140.2,3140.2,3140.2,3140.2,100
2022-04-08 09:05:00,3140.01,3140.01,3140.01,3140.01,100
2022-04-08 09:25:00,3138.1,3138.1,3138.1,3138.1,100
2022-04-08 09:30:00,3135.0,3147.37,3122.01,3129.93,54574
2022-04-08 09:35:00,3128.52,3132.0,3124.0,3128.08,12581
2022-04-08 09:40:00,3125.6,3128.0,3113.7652,3120.0,16899
2022-04-08 09:45:00,3116.22,3125.15,3113.6104,3121.81,8165
2022-04-08 09:50:00,3120.06,3121.03,3101.18,3107.85,20576
2022-04-08 09:55:00,3105.115,3107.61,3098.05,3104.75,11306
2022-04-08 10:00:00,3101.9158,3113.308,3101.9158,3111.2766,17185
2022-04-08 10:05:00,3111.3272,3121.8518,3105.0,3119.53,20233
2022-04-08 10:10:00,3119.68,3119.89,3106.11,3114.0222,7709
2022-04-08 10:15:00,3114.04,3114.04,3105.0,3112.5576,15318
2022-04-08 10:20:00,3114.0,3121.0,3111.6636,3115.02,12580
2022-04-08 10:25:00,3115.5424,3126.66,3111.045,3125.4034,16863
2022-04-08 10:30:00,3126.64,3129.4,3116.2338,3124.48,22120
2022-04-08 10:35:00,3124.005,3124.005,3116.14,3119.06,8114
2022-04-08 10:40:00,3120.51,3121.99,3111.0,3111.73,14883
2022-04-08 10:45:00,3112.125,3115.29,3104.5284,3106.6,7846
2022-04-08 10:50:00,3106.145,3122.1,3105.51,3121.38,8822
2022-04-08 10:55:00,3120.65,3128.79,3119.4,3128.79,10715
2022-04-08 11:00:00,3128.07,3136.02,3125.16,3132.64,15721
2022-04-08 11:05:00,3131.6106,3133.97,3127.17,3127.17,8648
2022-04-08 11:10:00,3125.7894,3135.0,3125.16,3134.16,7391
2022-04-08 11:15:00,3134.995,3136.0,3126.4644,3126.8596,7487
2022-04-08 11:20:00,3126.4614,3126.4614,3120.02,3121.23,3966
2022-04-08 11:25:00,3120.79,3124.65,3120.79,3123.65,4495
2022-04-08 11:30:00,3124.59,3128.58,3123.9982,3124.305,4098
2022-04-08 11:35:00,3123.695,3123.78,3111.34,3118.02,5952
2022-04-08 11:40:00,3118.8174,3120.0,3113.47,3119.4,5735
2022-04-08 11:45:00,3119.77,3126.575,3115.6918,3124.04,6964
2022-04-08 11:50:00,3122.62,3126.21,3122.62,3123.3442,4487
2022-04-08 11:55:00,3122.0368,3123.9046,3119.895,3122.19,1730
2022-04-08 12:00:00,3121.3,3125.4448,3118.495,3121.0,4031
2022-04-08 12:05:00,3120.245,3125.47,3117.74,3120.655,4506
2022-04-08 12:10:00,3121.82,3126.15,3120.02,3124.1158,6772
2022-04-08 12:15:00,3123.47,3132.66,3121.38,3132.32,3030
2022-04-08 12:20:00,3132.02,3134.25,3127.0998,3132.59,5413
2022-04-08 12:25:00,3135.0,3136.76,3133.08,3133.9138,5515
2022-04-08 12:30:00,3133.38,3133.44,3127.905,3128.55,3462
2022-04-08 12:35:00,3129.6074,3129.6074,3125.26,3128.12,2828
2022-04-08 12:40:00,3128.24,3130.255,3128.08,3128.56,4338
2022-04-08 12:45:00,3127.3308,3130.9414,3126.535,3128.44,3939
2022-04-08 12:50:00,3129.6,3134.38,3127.22,3134.38,2062
2022-04-08 12:55:00,3130.65,3135.06,3130.65,3135.06,4280
2022-04-08 13:00:00,3132.86,3132.86,3128.13,3131.065,5350
2022-04-08 13:05:00,3131.95,3131.95,3126.46,3129.66,4987
2022-04-08 13:10:00,3128.8518,3128.8518,3122.43,3123.02,2251
2022-04-08 13:15:00,3122.86,3123.07,3119.58,3119.58,3464
2022-04-08 13:20:00,3120.665,3121.24,3118.62,3119.32,2460
2022-04-08 13:25:00,3119.4064,3119.4064,3115.1,3116.08,6117
2022-04-08 13:30:00,3116.45,3116.45,3113.0,3113.0,3054
2022-04-08 13:35:00,3112.2,3115.3,3111.24,3112.73,3113
2022-04-08 13:40:00,3112.99,3113.88,3111.01,3112.68,4238
2022-04-08 13:45:00,3112.68,3112.68,3106.605,3108.158,6397
2022-04-08 13:50:00,3105.9036,3113.575,3105.9036,3113.14,5784
2022-04-08 13:55:00,3111.67,3117.42,3110.924,3117.23,6384
2022-04-08 14:00:00,3118.04,3119.0,3113.505,3113.74,7374
2022-04-08 14:05:00,3114.24,3118.95,3114.24,3118.84,5613
2022-04-08 14:10:00,3119.18,3125.32,3117.675,3123.2814,6703
2022-04-08 14:15:00,3124.47,3124.94,3118.01,3119.54,6781
2022-04-08 14:20:00,3119.16,3124.74,3115.24,3115.76,7640
2022-04-08 14:25:00,3115.0,3115.0,3105.0,3110.6274,14391
2022-04-08 14:30:00,3109.43,3110.395,3105.01,3106.16,7830
2022-04-08 14:35:00,3104.5,3111.54,3103.05,3111.54,3883
2022-04-08 14:40:00,3108.41,3110.46,3105.76,3106.02,4326
2022-04-08 14:45:00,3105.18,3108.14,3105.18,3107.12,4199
2022-04-08 14:50:00,3107.5,3113.6,3107.5,3111.38,6020
2022-04-08 14:55:00,3110.76,3111.17,3104.4274,3104.635,5990
2022-04-08 15:00:00,3103.0,3103.21,3099.02,3101.17,8545
2022-04-08 15:05:00,3101.68,3103.25,3100.22,3100.84,8439
2022-04-08 15:10:00,3101.47,3108.31,3097.51,3103.725,10587
2022-04-08 15:15:00,3102.01,3104.04,3098.37,3098.37,7082
2022-04-08 15:20:00,3098.0,3101.29,3093.84,3098.09,8199
2022-04-08 15:25:00,3098.2,3099.71,3095.4736,3097.04,7140
2022-04-08 15:30:00,3097.96,3100.06,3095.2,3095.8,6690
2022-04-08 15:35:00,3096.59,3096.915,3093.355,3093.745,9060
2022-04-08 15:40:00,3094.21,3097.8518,3093.0,3096.77,15839
2022-04-08 15:45:00,3096.71,3098.36,3090.9,3091.2424,31927
2022-04-08 15:50:00,3092.09,3093.22,3084.615,3086.0,24036
2022-04-08 15:55:00,3086.85,3092.47,3085.49,3090.45,46139
2022-04-08 16:00:00,3089.46,3089.46,3089.15,3089.21,168325
2022-04-08 16:10:00,3089.21,3089.21,3087.0,3087.0,2706
2022-04-08 16:15:00,3089.21,3089.28,3087.81,3088.9,1122
2022-04-08 16:20:00,3089.28,3089.71,3089.21,3089.21,1801
2022-04-08 16:25:00,3089.21,3089.21,3089.21,3089.21,112
2022-04-08 16:30:00,3089.21,3089.21,3089.21,3089.21,1313
2022-04-08 16:35:00,3089.21,3089.21,3089.21,3089.21,898
2022-04-08 16:40:00,3089.44,3089.44,3089.2,3089.2,200
2022-04-08 16:45:00,3089.2998,3089.2998,3089.0,3089.0,200
2022-04-08 17:15:00,3089.19,3089.19,3089.19,3089.19,146
2022-04-08 17:30:00,3089.21,3089.21,3089.21,3089.21,400
2022-04-08 17:45:00,3090.8,3090.8,3090.8,3090.8,100
2022-04-08 17:50:00,3090.0,3090.0,3088.18,3088.18,600
2022-04-08 17:55:00,3088.1902,3088.1902,3088.1902,3088.1902,100
2022-04-08 18:00:00,3088.89,3088.89,3088.89,3088.89,100
2022-04-08 18:25:00,3088.85,3088.85,3088.85,3088.85,100
2022-04-08 18:45:00,3088.0,3088.0,3088.0,3088.0,100
2022-04-08 18:50:00,3088.0,3088.0,3088.0,3088.0,179
2022-04-08 18:55:00,3087.02,3087.02,3087.02,3087.02,100
2022-04-08 19:00:00,3086.5,3086.5,3086.02,3086.02,235
2022-04-08 19:25:00,3086.0,3086.0,3084.0,3085.0,335
2022-04-08 19:40:00,3082.0,3082.0,3082.0,3082.0,100
2022-04-08 19:55:00,3080.67,3080.67,3080.67,3080.67,185
2022-04-11 05:35:00,3058.57,3058.57,3058.57,3058.57,140
2022-04-11 07:00:00,3060.11,3063.25,3058.57,3063.25,743
2022-04-11 07:05:00,3061.0,3061.0,3061.0,3061.0,300
2022-04-11 07:10:00,3061.0,3061.0,3059.0,3059.0,200
2022-04-11 07:15:00,3060.0,3060.0,3060.0,3060.0,176
2022-04-11 07:25:00,3053.0,3053.0,3053.0,3053.0,100
2022-04-11 07:35:00,3051.25,3051.25,3051.25,3051.25,100
2022-04-11 07:45:00,3048.0,3048.0,3048.0,3048.0,100
2022-04-11 07:50:00,3049.1,3050.0,3049.1,3050.0,731
2022-04-11 08:00:00,3067.0,3070.0,3046.0,3048.16,1530
2022-04-11 08:05:00,3047.0,3047.0,3047.0,3047.0,100
2022-04-11 08:20:00,3041.56,3041.56,3041.0,3041.0,220
2022-04-11 08:45:00,3046.15,3049.99,3046.15,3049.99,302
2022-04-11 08:50:00,3050.13,3050.13,3050.0,3050.0,500
2022-04-11 08:55:00,3050.0,3050.0,3050.0,3050.0,244
2022-04-11 09:00:00,3051.0,3051.0,3051.0,3051.0,202
2022-04-11 09:05:00,3050.0,3050.0,3050.0,3050.0,254
2022-04-11 09:20:00,3054.5,3054.5,3052.0,3052.0,200
2022-04-11 09:25:00,3052.49,3055.0,3052.49,3055.0,620
2022-04-11 09:30:00,3054.26,3057.25,3041.0,3045.59,71825
2022-04-11 09:35:00,3047.13,3061.98,3041.6,3060.06,26774
2022-04-11 09:40:00,3060.54,3070.515,3058.02,3070.43,60197
2022-04-11 09:45:00,3070.25,3078.4094,3063.98,3074.93,25549
2022-04-11 09:50:00,3071.0,3080.0,3068.0,3072.22,11549
2022-04-11 09:55:00,3068.0,3075.55,3066.57,3066.57,12258
2022-04-11 10:00:00,3066.52,3082.73,3065.0,3067.51,16030
2022-04-11 10:05:00,3068.6714,3071.25,3064.0,3069.01,9403
2022-04-11 10:10:00,3067.47,3072.6636,3055.95,3058.125,12339
2022-04-11 10:15:00,3056.995,3065.565,3046.22,3048.06,10113
2022-04-11 10:20:00,3052.19,3052.19,3043.74,3047.72,10145
2022-04-11 10:25:00,3049.83,3051.15,3037.4472,3041.0,20504
2022-04-11 10:30:00,3040.35,3051.14,3037.14,3049.97,29207
2022-04-11 10:35:00,3048.43,3048.43,3036.92,3037.34,11406
2022-04-11 10:40:00,3035.63,3035.71,3021.7316,3021.85,17653
2022-04-11 10:45:00,3021.815,3025.45,3018.05,3020.0066,31193
2022-04-11 10:50:00,3019.785,3027.919,3019.785,3023.5556,14764
2022-04-11 10:55:00,3025.32,3029.36,3021.8414,3025.21,9407
2022-04-11 11:00:00,3023.64,3028.6,3021.1766,3025.0958,8254
2022-04-11 11:05:00,3023.01,3032.67,3023.01,3028.265,15728
2022-04-11 11:10:00,3029.63,3036.97,3027.83,3031.965,16155
2022-04-11 11:15:00,3030.21,3035.0,3030.21,3031.11,9337
2022-04-11 11:20:00,3030.75,3035.6,3030.75,3032.0646,3150
2022-04-11 11:25:00,3032.1,3034.3746,3031.08,3033.8654,3630
2022-04-11 11:30:00,3034.72,3041.95,3033.9446,3038.0,17169
2022-04-11 11:35:00,3036.815,3042.66,3036.815,3041.99,8498
2022-04-11 11:40:00,3040.16,3044.88,3038.93,3041.485,14298
2022-04-11 11:45:00,3041.5352,3044.05,3035.62,3036.69,6882
2022-04-11 11:50:00,3036.07,3042.1154,3033.34,3040.82,8660
2022-04-11 11:55:00,3039.0,3040.345,3033.29,3033.79,6226
2022-04-11 12:00:00,3033.04,3033.04,3028.2612,3031.34,6199
2022-04-11 12:05:00,3031.255,3034.2,3029.255,3031.515,3830
2022-04-11 12:10:00,3031.185,3031.77,3026.8016,3027.86,5907
2022-04-11 12:15:00,3027.415,3032.8698,3026.755,3032.8698,4517
2022-04-11 12:20:00,3030.71,3032.305,3029.085,3030.31,3682
2022-04-11 12:25:00,3029.74,3030.86,3024.0126,3024.98,7745
2022-04-11 12:30:00,3025.08,3025.97,3020.35,3023.5,6835
2022-04-11 12:35:00,3023.0634,3024.17,3020.2,3022.676,8062
2022-04-11 12:40:00,3021.65,3027.0,3020.4514,3027.0,7561
2022-04-11 12:45:00,3027.62,3033.465,3027.1734,3030.16,7481
2022-04-11 12:50:00,3031.07,3032.58,3029.36,3032.0,3845
2022-04-11 12:55:00,3035.0,3040.53,3033.58,3039.3384,7357
2022-04-11 13:00:00,3040.42,3049.5,3040.42,3046.31,11675
2022-04-11 13:05:00,3045.0,3054.3334,3044.46,3048.61,21403
2022-04-11 13:10:00,3049.07,3056.32,3046.32,3056.32,17606
2022-04-11 13:15:00,3054.27,3054.93,3051.5,3051.5,6854
2022-04-11 13:20:00,3053.295,3054.2,3043.05,3045.03,9731
2022-04-11 13:25:00,3044.68,3045.95,3037.14,3037.572,6619
2022-04-11 13:30:00,3038.746,3044.49,3038.59,3043.15,13819
2022-04-11 13:35:00,3044.83,3048.015,3041.575,3041.575,5139
2022-04-11 13:40:00,3042.5,3044.67,3036.66,3036.9392,7900
2022-04-11 13:45:00,3037.09,3037.61,3032.06,3032.315,6464
2022-04-11 13:50:00,3032.84,3034.3628,3031.22,3033.34,3872
2022-04-11 13:55:00,3031.305,3035.6,3029.96,3035.468,4673
2022-04-11 14:00:00,3036.2,3036.23,3029.245,3034.516,3691
2022-04-11 14:05:00,3033.23,3043.765,3033.23,3042.175,4892
2022-04-11 14:10:00,3040.6,3042.99,3032.04,3033.09,4370
2022-04-11 14:15:00,3033.74,3033.74,3029.43,3029.43,3839
2022-04-11 14:20:00,3029.87,3031.73,3028.79,3029.5554,2116
2022-04-11 14:25:00,3028.695,3032.4,3028.695,3030.985,6029
2022-04-11 14:30:00,3030.45,3032.285,3027.073,3032.285,8170
2022-04-11 14:35:00,3032.52,3035.15,3031.38,3033.9,5220
2022-04-11 14:40:00,3035.33,3035.482,3032.745,3034.72,3171
2022-04-11 14:45:00,3036.2,3046.4916,3035.005,3046.4916,30636
2022-04-11 14:50:00,3045.45,3051.345,3043.1384,3043.305,11963
2022-04-11 14:55:00,3044.3626,3046.64,3040.18,3040.55,5963
2022-04-11 15:00:00,3041.91,3050.29,3039.48,3040.92,14054
2022-04-11 15:05:00,3041.705,3041.795,3034.7294,3038.06,4819
2022-04-11 15:10:00,3038.96,3040.31,3035.65,3036.36,4544
2022-04-11 15:15:00,3037.43,3037.43,3033.41,3034.55,5007
2022-04-11 15:20:00,3034.025,3035.2,3031.74,3031.74,5170
2022-04-11 15:25:00,3031.01,3031.01,3026.64,3026.69,6003
2022-04-11 15:30:00,3028.01,3028.79,3020.0,3020.0358,8767
2022-04-11 15:35:00,3019.505,3020.21,3010.69,3016.84,15866
2022-04-11 15:40:00,3017.13,3020.0,3013.387,3015.17,9854
2022-04-11 15:45:00,3014.74,3021.5,3014.036,3021.47,14497
2022-04-11 15:50:00,3021.2,3026.56,3019.18,3019.48,22991
2022-04-11 15:55:00,3019.5,3024.88,3018.03,3022.44,38369
2022-04-11 16:00:00,3022.44,3022.5,3022.44,3022.5,211493
2022-04-11 16:05:00,3023.0,3023.0,3022.44,3022.44,2503
2022-04-11 16:10:00,3023.16,3023.16,3022.44,3022.44,354
2022-04-11 16:15:00,3024.0,3024.0,3024.0,3024.0,100
2022-04-11 16:20:00,3024.0,3024.5,3024.0,3024.5,400
2022-04-11 16:25:00,3022.59,3022.59,3022.59,3022.59,100
2022-04-11 16:35:00,3023.06,3023.06,3023.06,3023.06,200
2022-04-11 16:50:00,3022.44,3022.44,3022.44,3022.44,1372
2022-04-11 16:55:00,3024.9606,3024.9606,3024.9606,3024.9606,189
2022-04-11 17:00:00,3023.172,3023.172,3023.172,3023.172,100
2022-04-11 17:20:00,3025.0,3025.0,3025.0,3025.0,500
2022-04-11 17:30:00,3025.0,3025.0,3025.0,3025.0,144
2022-04-11 17:55:00,3022.44,3022.44,3022.44,3022.44,2159
2022-04-11 18:00:00,3025.0,3025.0,3025.0,3025.0,237
2022-04-11 18:05:00,3024.89,3025.0,3024.89,3025.0,349
2022-04-11 18:10:00,3025.0,3025.0,3025.0,3025.0,452
2022-04-11 18:20:00,3025.0,3025.0,3025.0,3025.0,100
2022-04-11 18:25:00,3024.3,3024.3,3023.5,3023.5,861
2022-04-11 18:55:00,3024.58,3024.58,3024.58,3024.58,200
2022-04-11 19:20:00,3023.0,3023.0,3023.0,3023.0,118
2022-04-11 19:35:00,3022.5,3022.5,3022.5,3022.5,295
2022-04-12 07:00:00,3032.0,3032.0,3024.05,3025.2,3130
2022-04-12 07:10:00,3021.9,3021.9,3021.9,3021.9,100
2022-04-12 07:20:00,3019.9,3019.9,3019.9,3019.9,100
2022-04-12 07:25:00,3019.9,3019.9,3019.9,3019.9,296
2022-04-12 07:50:00,3022.99,3023.0,3022.99,3023.0,300
2022-04-12 08:00:00,3017.2398,3024.02,3017.1944,3024.02,300
2022-04-12 08:05:00,3030.0,3030.0,3030.0,3030.0,100
2022-04-12 08:20:00,3023.99,3023.99,3023.99,3023.99,150
2022-04-12 08:25:00,3030.85,3030.85,3030.85,3030.85,1000
2022-04-12 08:30:00,3031.0,3073.0,3031.0,3073.0,5082
2022-04-12 08:35:00,3072.98,3072.98,3061.0,3061.0,2369
2022-04-12 08:40:00,3060.0,3085.01,3060.0,3085.01,1622
2022-04-12 08:45:00,3085.0,3095.0,3084.98,3091.27,3501
2022-04-12 08:50:00,3090.0,3091.37,3088.0,3090.0,4562
2022-04-12 08:55:00,3092.77,3096.7,3090.0,3090.0,900
2022-04-12 09:00:00,3089.0,3089.0,3088.99,3088.99,250
2022-04-12 09:10:00,3080.0,3083.88,3080.0,3083.88,500
2022-04-12 09:15:00,3084.0,3084.0,3084.0,3084.0,307
2022-04-12 09:20:00,3078.92,3083.0,3078.92,3083.0,790
2022-04-12 09:25:00,3084.0,3084.0,3072.0,3075.0,1036
2022-04-12 09:30:00,3073.85,3081.58,3051.32,3055.18,72397
2022-04-12 09:35:00,3056.02,3060.59,3042.33,3055.24,36485
2022-04-12 09:40:00,3054.38,3057.5118,3038.01,3050.35,27239
2022-04-12 09:45:00,3051.71,3067.46,3046.6376,3060.69,38566
2022-04-12 09:50:00,3062.34,3071.9648,3062.34,3069.3806,31083
2022-04-12 09:55:00,3067.93,3082.725,3060.08,3081.205,28444
2022-04-12 10:00:00,3081.015,3089.3892,3079.96,3088.5342,27626
2022-04-12 10:05:00,3089.235,3091.99,3076.0,3080.0,21133
2022-04-12 10:10:00,3082.13,3088.65,3077.8108,3083.43,9571
2022-04-12 10:15:00,3083.515,3101.98,3079.76,3088.47,45289
2022-04-12 10:20:00,3088.21,3095.7,3084.7654,3086.69,6531
2022-04-12 10:25:00,3088.22,3097.0,3086.74,3090.22,18630
2022-04-12 10:30:00,3089.09,3089.34,3085.2964,3088.1126,6572
2022-04-12 10:35:00,3087.13,3089.0,3071.4058,3073.23,10055
2022-04-12 10:40:00,3072.47,3078.2,3070.66,3076.215,10725
2022-04-12 10:45:00,3077.88,3080.39,3066.8068,3066.8068,10260
2022-04-12 10:50:00,3066.0,3068.2,3060.16,3065.5,8212
2022-04-12 10:55:00,3064.82,3076.135,3064.82,3073.25,7496
2022-04-12 11:00:00,3071.32,3081.0,3069.78,3077.76,14137
2022-04-12 11:05:00,3075.0,3075.0,3064.01,3064.01,4145
2022-04-12 11:10:00,3063.4468,3070.72,3061.32,3070.72,4887
2022-04-12 11:15:00,3070.03,3078.56,3070.03,3078.56,3311
2022-04-12 11:20:00,3079.87,3085.0,3077.87,3082.885,5182
2022-04-12 11:25:00,3083.61,3092.6,3082.57,3088.2502,17796
2022-04-12 11:30:00,3091.94,3094.73,3087.45,3090.0,9115
2022-04-12 11:35:00,3091.79,3093.14,3085.74,3087.28,7178
2022-04-12 11:40:00,3087.385,3092.295,3087.385,3088.25,19079
2022-04-12 11:45:00,3090.005,3090.42,3078.98,3080.93,7675
2022-04-12 11:50:00,3081.31,3091.235,3080.28,3090.315,9199
2022-04-12 11:55:00,3091.0,3093.77,3084.16,3085.5434,26314
2022-04-12 12:00:00,3087.825,3089.39,3084.59,3084.59,9336
2022-04-12 12:05:00,3085.03,3085.78,3077.8352,3080.6,2420
2022-04-12 12:10:00,3077.6,3079.75,3074.61,3075.94,3965
2022-04-12 12:15:00,3078.7324,3090.0,3076.85,3085.7092,11738
2022-04-12 12:20:00,3085.25,3086.13,3073.9454,3074.94,4625
2022-04-12 12:25:00,3074.36,3075.0,3066.18,3069.2898,9034
2022-04-12 12:30:00,3068.0,3069.645,3064.07,3066.815,6682
2022-04-12 12:35:00,3068.69,3072.4,3068.69,3069.52,7732
2022-04-12 12:40:00,3070.155,3074.0,3068.0,3071.51,5607
2022-04-12 12:45:00,3070.255,3070.87,3066.0,3070.8,2955
2022-04-12 12:50:00,3070.58,3080.0,3070.58,3073.5538,6047
2022-04-12 12:55:00,3075.04,3075.99,3073.76,3074.58,3767
2022-04-12 13:00:00,3074.445,3077.22,3064.7102,3066.5884,4188
2022-04-12 13:05:00,3068.79,3070.52,3064.48,3065.7,2877
2022-04-12 13:10:00,3066.965,3075.97,3066.73,3074.4,2630
2022-04-12 13:15:00,3072.365,3073.135,3067.7,3072.42,1677
2022-04-12 13:20:00,3076.11,3078.0,3069.7584,3069.7584,3769
2022-04-12 13:25:00,3071.5798,3071.5798,3067.0,3067.6,1323
2022-04-12 13:30:00,3067.0,3072.67,3065.55,3071.6206,2427
2022-04-12 13:35:00,3073.0,3073.0,3062.0,3062.0,2852
2022-04-12 13:40:00,3062.0,3064.08,3052.84,3053.8,7041
2022-04-12 13:45:00,3054.63,3055.0,3050.0,3053.16,3080
2022-04-12 13:50:00,3053.09,3053.09,3046.0156,3046.34,3746
2022-04-12 13:55:00,3047.17,3047.17,3041.0306,3044.58,5641
2022-04-12 14:00:00,3043.355,3048.0,3043.355,3047.67,5217
2022-04-12 14:05:00,3047.1346,3050.31,3041.52,3042.92,8022
2022-04-12 14:10:00,3042.0,3043.0,3032.9418,3032.9418,6731
2022-04-12 14:15:00,3032.0,3032.1192,3022.44,3024.905,16926
2022-04-12 14:20:00,3024.47,3028.68,3021.942,3023.705,9538
2022-04-12 14:25:00,3023.158,3026.75,3020.425,3020.6382,7158
2022-04-12 14:30:00,3020.0,3021.88,3013.5218,3019.34,11141
2022-04-12 14:35:00,3018.01,3020.41,3016.51,3018.2,9038
2022-04-12 14:40:00,3020.1672,3020.33,3011.49,3013.41,10755
2022-04-12 14:45:00,3013.99,3030.08,3013.94,3028.02,17430
2022-04-12 14:50:00,3027.49,3029.8798,3023.94,3028.97,8939
2022-04-12 14:55:00,3029.35,3033.375,3025.0,3025.865,9239
2022-04-12 15:00:00,3025.0,3026.81,3012.55,3012.55,6926
2022-04-12 15:05:00,3013.225,3016.18,3008.47,3009.275,17191
2022-04-12 15:10:00,3010.03,3014.48,3008.41,3008.8024,12538
2022-04-12 15:15:00,3009.95,3016.805,3007.66,3016.67,11481
2022-04-12 15:20:00,3018.4,3022.16,3017.3356,3019.18,11295
2022-04-12 15:25:00,3017.0,3017.53,3011.9,3013.69,6492
2022-04-12 15:30:00,3011.97,3017.18,3011.97,3012.29,7790
2022-04-12 15:35:00,3011.72,3028.0,3010.3296,3025.69,8543
2022-04-12 15:40:00,3025.2,3030.47,3020.97,3022.1,11855
2022-04-12 15:45:00,3021.14,3031.46,3021.14,3024.41,11369
2022-04-12 15:50:00,3023.91,3026.16,3017.68,3022.94,21476
2022-04-12 15:55:00,3022.1334,3023.07,3010.15,3015.33,33841
2022-04-12 16:00:00,3015.75,3015.99,3013.0,3013.0,121908
2022-04-12 16:05:00,3012.2,3013.8,3011.23,3013.8,823
2022-04-12 16:20:00,3015.75,3015.75,3015.75,3015.75,545
2022-04-12 16:25:00,3017.7,3017.7,3015.75,3015.75,348
2022-04-12 16:30:00,3016.0,3016.0,3016.0,3016.0,100
2022-04-12 16:45:00,3017.5916,3017.5916,3017.5916,3017.5916,267
2022-04-12 17:00:00,3017.0,3017.0,3017.0,3017.0,128
2022-04-12 17:15:00,3018.38,3018.38,3018.38,3018.38,100
2022-04-12 17:25:00,3019.99,3021.78,3019.99,3021.78,400
2022-04-12 17:40:00,3017.0,3017.0,3017.0,3017.0,100
2022-04-12 19:10:00,3020.46,3020.46,3020.46,3020.46,100
2022-04-12 19:15:00,3021.94,3022.0,3021.94,3022.0,574
2022-04-12 19:45:00,3022.25,3022.25,3022.25,3022.25,100
2022-04-12 19:50:00,3022.25,3024.0,3022.25,3024.0,700
2022-04-13 04:25:00,3041.0,3041.0,3041.0,3041.0,100
2022-04-13 07:40:00,3033.02,3033.02,3033.02,3033.02,100
2022-04-13 07:55:00,3026.0,3026.0,3026.0,3026.0,100
2022-04-13 08:00:00,3038.0,3038.0,3024.5,3024.5,300
2022-04-13 08:30:00,3022.0,3022.0,3022.0,3022.0,100
2022-04-13 08:35:00,3021.0,3021.0,3021.0,3021.0,250
2022-04-13 08:45:00,3015.75,3021.0,3015.75,3021.0,55180
2022-04-13 08:50:00,3020.0,3020.0,3020.0,3020.0,100
2022-04-13 08:55:00,3015.7536,3015.7536,3015.7536,3015.7536,303
2022-04-13 09:05:00,3012.59,3012.59,3012.59,3012.59,250
2022-04-13 09:10:00,3013.75,3013.75,3013.75,3013.75,100
2022-04-13 09:15:00,3016.05,3016.05,3011.06,3011.06,403
2022-04-13 09:20:00,3017.0,3017.0,3017.0,3017.0,100
2022-04-13 09:25:00,3011.0,3012.0,3000.0,3000.0,1745
2022-04-13 09:30:00,3000.37,3014.5598,2992.0,3005.99,70373
2022-04-13 09:35:00,3008.3898,3021.79,3006.105,3012.02,34016
2022-04-13 09:40:00,3014.6,3025.69,3012.03,3017.52,28451
2022-04-13 09:45:00,3020.0,3030.235,3017.54,3025.5486,27902
2022-04-13 09:50:00,3024.78,3029.0,3017.02,3021.9878,12163
2022-04-13 09:55:00,3023.77,3024.5084,3010.81,3011.4,11631
2022-04-13 10:00:00,3012.39,3013.73,3003.92,3013.175,15587
2022-04-13 10:05:00,3016.225,3022.225,3015.0,3017.52,8464
2022-04-13 10:10:00,3017.47,3017.95,3013.48,3016.071,7865
2022-04-13 10:15:00,3016.76,3033.545,3016.6726,3030.97,14734
2022-04-13 10:20:00,3030.18,3036.4548,3026.43,3036.4548,17698
2022-04-13 10:25:00,3035.73,3036.915,3029.1492,3029.1492,13739
2022-04-13 10:30:00,3027.88,3038.67,3027.7316,3030.725,12393
2022-04-13 10:35:00,3030.85,3031.905,3023.8,3026.705,6251
2022-04-13 10:40:00,3023.04,3032.77,3022.07,3031.02,9162
2022-04-13 10:45:00,3033.77,3035.15,3027.4222,3030.24,8234
2022-04-13 10:50:00,3028.355,3036.44,3028.125,3034.41,7967
2022-04-13 10:55:00,3035.205,3036.84,3031.35,3033.37,9055
2022-04-13 11:00:00,3034.145,3052.41,3034.145,3050.83,19893
2022-04-13 11:05:00,3051.51,3058.41,3049.6,3056.58,9527
2022-04-13 11:10:00,3055.52,3065.4,3054.781,3065.17,13449
2022-04-13 11:15:00,3064.905,3070.8,3064.905,3069.5706,20447
2022-04-13 11:20:00,3069.97,3071.785,3066.58,3069.99,13331
2022-04-13 11:25:00,3069.495,3074.8134,3063.19,3064.59,22406
2022-04-13 11:30:00,3065.99,3072.78,3064.78,3069.09,11519
2022-04-13 11:35:00,3065.977,3067.2,3063.0,3066.54,3398
2022-04-13 11:40:00,3066.475,3074.48,3066.4476,3072.62,8379
2022-04-13 11:45:00,3071.91,3071.91,3067.4128,3068.285,4895
2022-04-13 11:50:00,3067.0,3068.98,3064.23,3068.98,5940
2022-04-13 11:55:00,3066.62,3068.45,3066.26,3068.45,1748
2022-04-13 12:00:00,3066.18,3068.0,3063.515,3066.53,2851
2022-04-13 12:05:00,3067.26,3071.18,3067.26,3069.85,3593
2022-04-13 12:10:00,3069.745,3071.19,3065.01,3070.0,4016
2022-04-13 12:15:00,3071.0,3079.69,3069.2618,3079.69,11773
2022-04-13 12:20:00,3078.855,3083.0,3076.485,3082.2684,9363
2022-04-13 12:25:00,3080.515,3084.99,3076.84,3076.84,13114
2022-04-13 12:30:00,3076.4,3079.0,3074.4942,3079.0,4850
2022-04-13 12:35:00,3079.38,3083.36,3079.38,3082.8,2230
2022-04-13 12:40:00,3082.435,3088.0,3082.435,3086.93,3811
2022-04-13 12:45:00,3087.97,3090.88,3086.68,3089.1696,3007
2022-04-13 12:50:00,3087.6,3088.12,3082.66,3084.488,3418
2022-04-13 12:55:00,3084.62,3086.49,3077.8,3082.15,10153
2022-04-13 13:00:00,3082.15,3085.54,3078.02,3082.11,3672
2022-04-13 13:05:00,3082.8444,3086.9996,3079.4904,3084.45,9614
2022-04-13 13:10:00,3085.0,3098.46,3083.215,3094.26,20115
2022-04-13 13:15:00,3096.48,3097.29,3092.5412,3093.925,5695
2022-04-13 13:20:00,3093.176,3101.01,3093.013,3096.6102,9105
2022-04-13 13:25:00,3097.14,3098.9272,3091.08,3096.115,9328
2022-04-13 13:30:00,3094.36,3096.915,3090.01,3090.96,11364
2022-04-13 13:35:00,3090.98,3091.77,3086.285,3086.8826,6089
2022-04-13 13:40:00,3086.9964,3089.23,3085.4,3087.715,7501
2022-04-13 13:45:00,3087.72,3090.42,3085.4216,3086.65,4859
2022-04-13 13:50:00,3084.9934,3085.68,3081.525,3083.99,5344
2022-04-13 13:55:00,3084.14,3088.205,3082.312,3088.205,8580
2022-04-13 14:00:00,3088.3726,3090.0,3086.5,3088.13,3992
2022-04-13 14:05:00,3088.72,3093.16,3086.5,3090.97,10719
2022-04-13 14:10:00,3088.44,3089.72,3084.145,3087.79,5797
2022-04-13 14:15:00,3088.0,3090.67,3086.24,3087.22,4996
2022-04-13 14:20:00,3087.33,3090.8566,3086.42,3088.804,5064
2022-04-13 14:25:00,3089.07,3091.1186,3087.22,3089.55,4654
2022-04-13 14:30:00,3090.125,3091.39,3086.6202,3088.4,8222
2022-04-13 14:35:00,3089.89,3094.41,3088.41,3093.57,7774
2022-04-13 14:40:00,3093.0,3094.98,3092.3286,3094.4756,13007
2022-04-13 14:45:00,3094.52,3096.68,3092.9074,3096.68,5626
2022-04-13 14:50:00,3096.49,3105.88,3096.28,3104.561,18097
2022-04-13 14:55:00,3105.8698,3110.81,3102.2544,3108.615,22478
2022-04-13 15:00:00,3108.545,3108.545,3102.13,3105.1,10914
2022-04-13 15:05:00,3105.76,3116.26,3105.76,3116.26,19783
2022-04-13 15:10:00,3116.98,3116.98,3108.8746,3111.95,10911
2022-04-13 15:15:00,3112.55,3117.38,3112.36,3116.05,14846
2022-04-13 15:20:00,3115.98,3118.0,3112.61,3118.0,11689
2022-04-13 15:25:00,3118.41,3118.41,3113.8,3114.125,11186
2022-04-13 15:30:00,3114.0,3119.71,3111.49,3118.99,17361
2022-04-13 15:35:00,3119.0,3120.4888,3115.63,3118.0132,20533
2022-04-13 15:40:00,3117.79,3118.8,3110.73,3116.845,21261
2022-04-13 15:45:00,3117.42,3118.46,3113.0,3116.85,28798
2022-04-13 15:50:00,3117.99,3120.5,3106.89,3109.755,47280
2022-04-13 15:55:00,3109.13,3114.43,3106.965,3111.21,56906
2022-04-13 16:00:00,3111.955,3111.97,3109.5,3109.5,180602
2022-04-13 16:05:00,3109.0,3110.82,3109.0,3110.82,4195
2022-04-13 16:45:00,3115.0,3115.0,3110.82,3110.82,2044
2022-04-13 16:55:00,3111.9638,3112.21,3111.9638,3112.01,537
2022-04-13 17:15:00,3112.3506,3112.3506,3112.3506,3112.3506,300
2022-04-13 17:20:00,3114.96,3114.96,3114.96,3114.96,493
2022-04-13 17:25:00,3114.96,3114.96,3114.96,3114.96,101
2022-04-13 17:35:00,3115.0,3115.0,3115.0,3115.0,200
2022-04-13 17:40:00,3116.0,3116.0,3116.0,3116.0,100
2022-04-13 17:45:00,3116.0,3118.0,3116.0,3117.0,400
2022-04-13 18:20:00,3118.0,3118.0,3118.0,3118.0,279
2022-04-13 19:30:00,3118.05,3118.05,3118.05,3118.05,105
2022-04-13 19:35:00,3115.21,3115.21,3115.0,3115.0,293
2022-04-13 19:45:00,3112.01,3112.01,3112.01,3112.01,100
2022-04-13 19:55:00,3117.74,3117.74,3117.74,3117.74,100
2022-04-14 04:25:00,3115.12,3115.12,3113.0,3113.0,200
2022-04-14 04:30:00,3111.21,3111.21,3108.0,3108.0,785
2022-04-14 06:30:00,3111.9,3111.9,3111.9,3111.9,305
2022-04-14 07:10:00,3115.0,3115.41,3115.0,3115.41,200
2022-04-14 07:15:00,3115.3,3115.41,3115.3,3115.41,384
2022-04-14 08:00:00,3111.4676,3113.0458,3105.0,3113.0,452
2022-04-14 08:10:00,3110.0,3110.0,3110.0,3110.0,100
2022-04-14 08:15:00,3112.5,3112.5,3111.22,3111.22,473
2022-04-14 08:30:00,3108.0,3110.0,3108.0,3110.0,500
2022-04-14 09:00:00,3106.783,3106.783,3106.783,3106.783,642
2022-04-14 09:05:00,3109.9,3109.9,3105.38,3105.38,200
2022-04-14 09:15:00,3103.01,3103.01,3103.01,3103.01,100
2022-04-14 09:25:00,3109.0,3115.29,3108.33,3110.98,3907
2022-04-14 09:30:00,3107.8,3111.98,3095.01,3107.02,106150
2022-04-14 09:35:00,3111.0,3117.94,3088.76,3091.13,28830
2022-04-14 09:40:00,3092.4968,3095.0,3085.315,3090.25,20956
2022-04-14 09:45:00,3090.76,3096.7112,3085.32,3088.05,15762
2022-04-14 09:50:00,3088.53,3091.6,3076.15,3079.41,24517
2022-04-14 09:55:00,3078.19,3084.07,3076.0,3076.41,21597
2022-04-14 10:00:00,3077.377,3084.28,3073.315,3073.635,30563
2022-04-14 10:05:00,3075.13,3075.13,3057.0,3059.41,28445
2022-04-14 10:10:00,3060.635,3065.42,3058.05,3062.36,16025
2022-04-14 10:15:00,3063.12,3072.98,3060.89,3067.9196,12403
2022-04-14 10:20:00,3065.0,3071.54,3064.625,3067.71,8262
2022-04-14 10:25:00,3065.6648,3071.0,3065.0,3069.0,7114
2022-04-14 10:30:00,3067.6,3074.74,3066.0,3071.785,19891
2022-04-14 10:35:00,3071.5452,3071.76,3054.582,3059.85,8576
2022-04-14 10:40:00,3059.83,3064.08,3056.6,3062.64,7115
2022-04-14 10:45:00,3061.86,3068.3798,3055.1806,3055.1806,10649
2022-04-14 10:50:00,3055.0,3062.8198,3052.94,3061.73,9672
2022-04-14 10:55:00,3062.04,3070.055,3060.57,3069.0,12021
2022-04-14 11:00:00,3066.45,3072.84,3066.45,3071.76,8430
2022-04-14 11:05:00,3069.67,3071.08,3063.1602,3068.4,12194
2022-04-14 11:10:00,3065.825,3069.71,3061.76,3068.92,8193
2022-04-14 11:15:00,3067.75,3069.5402,3064.86,3066.93,2931
2022-04-14 11:20:00,3067.5642,3072.99,3064.71,3072.99,10900
2022-04-14 11:25:00,3072.73,3075.01,3067.75,3073.52,8318
2022-04-14 11:30:00,3071.795,3071.795,3066.38,3067.13,3900
2022-04-14 11:35:00,3067.065,3070.75,3065.0,3066.18,3158
2022-04-14 11:40:00,3066.38,3068.16,3060.4126,3060.95,5765
2022-04-14 11:45:00,3061.67,3062.75,3059.3724,3062.54,6250
2022-04-14 11:50:00,3062.0,3063.86,3059.15,3059.15,4149
2022-04-14 11:55:00,3060.27,3063.1556,3059.0054,3061.86,2454
2022-04-14 12:00:00,3057.57,3063.61,3057.074,3060.3306,5543
2022-04-14 12:05:00,3060.05,3066.155,3060.0,3063.0,10262
2022-04-14 12:10:00,3064.79,3064.79,3060.0,3060.96,6035
2022-04-14 12:15:00,3061.36,3063.5328,3056.21,3059.16,10352
2022-04-14 12:20:00,3057.81,3058.44,3055.7,3058.275,2157
2022-04-14 12:25:00,3058.81,3059.03,3052.0,3054.52,8588
2022-04-14 12:30:00,3055.0,3056.38,3052.772,3054.82,8622
2022-04-14 12:35:00,3054.78,3057.3,3054.5208,3056.163,2148
2022-04-14 12:40:00,3054.375,3054.88,3046.38,3046.485,13198
2022-04-14 12:45:00,3047.12,3049.3864,3043.41,3044.875,10836
2022-04-14 12:50:00,3045.97,3046.43,3041.02,3041.88,3901
2022-04-14 12:55:00,3042.31,3048.32,3041.8,3046.905,12919
2022-04-14 13:00:00,3048.99,3050.42,3047.42,3047.425,7222
2022-04-14 13:05:00,3048.93,3048.93,3045.51,3046.975,3282
2022-04-14 13:10:00,3049.12,3050.99,3047.62,3049.0,5458
2022-04-14 13:15:00,3048.9,3049.22,3044.9,3048.14,4023
2022-04-14 13:20:00,3047.31,3048.84,3045.99,3045.99,3773
2022-04-14 13:25:00,3047.37,3047.37,3044.5,3045.4,4124
2022-04-14 13:30:00,3045.42,3050.09,3044.24,3049.07,3970
2022-04-14 13:35:00,3048.91,3053.21,3048.91,3051.335,5273
2022-04-14 13:40:00,3051.0,3056.67,3051.0,3052.61,5334
2022-04-14 13:45:00,3053.835,3058.03,3053.835,3056.59,4818
2022-04-14 13:50:00,3056.96,3057.99,3052.98,3052.98,4675
2022-04-14 13:55:00,3052.11,3054.63,3049.805,3054.63,2262
2022-04-14 14:00:00,3056.0,3058.03,3053.0,3055.475,10043
2022-04-14 14:05:00,3055.06,3056.7,3054.435,3054.79,4681
2022-04-14 14:10:00,3055.56,3064.18,3055.56,3063.49,8813
2022-04-14 14:15:00,3062.9402,3065.93,3057.0,3057.0,6889
2022-04-14 14:20:00,3058.11,3058.11,3052.97,3054.505,4319
2022-04-14 14:25:00,3055.115,3058.83,3053.26,3055.18,6212
2022-04-14 14:30:00,3056.4,3058.91,3051.85,3052.47,6645
2022-04-14 14:35:00,3052.11,3053.37,3050.01,3051.59,4222
2022-04-14 14:40:00,3052.13,3052.91,3051.16,3051.3,2198
2022-04-14 14:45:00,3051.62,3052.59,3047.13,3049.7,4587
2022-04-14 14:50:00,3048.05,3048.05,3040.22,3040.22,4457
2022-04-14 14:55:00,3041.4,3041.602,3037.37,3037.37,7669
2022-04-14 15:00:00,3036.8774,3042.98,3035.36,3039.0114,11480
2022-04-14 15:05:00,3039.45,3043.88,3037.215,3037.215,7336
2022-04-14 15:10:00,3036.98,3039.63,3036.4228,3036.6,6773
2022-04-14 15:15:00,3038.85,3045.98,3037.06,3038.275,7248
2022-04-14 15:20:00,3038.14,3039.886,3034.57,3036.24,6246
2022-04-14 15:25:00,3036.52,3037.55,3035.0,3035.0,5936
2022-04-14 15:30:00,3036.49,3036.49,3031.02,3032.0,8120
2022-04-14 15:35:00,3032.81,3034.14,3031.01,3032.622,9263
2022-04-14 15:40:00,3032.8,3035.676,3029.435,3035.676,10293
2022-04-14 15:45:00,3035.99,3035.99,3031.555,3035.4664,18642
2022-04-14 15:50:00,3034.0,3039.99,3032.41,3039.94,23002
2022-04-14 15:55:00,3040.53,3041.59,3032.1214,3033.9,38706
2022-04-14 16:00:00,3034.13,3034.13,3032.94,3034.13,258631
2022-04-14 16:05:00,3034.13,3034.13,3034.13,3034.13,2627
2022-04-14 16:10:00,3033.5,3033.5,3033.5,3033.5,700
2022-04-14 16:20:00,3034.13,3034.13,3032.7,3032.7,1975
2022-04-14 16:30:00,3033.93,3033.93,3033.93,3033.93,100
2022-04-14 16:40:00,3034.13,3034.13,3034.13,3034.13,2470
2022-04-14 16:45:00,3034.13,3034.13,3034.13,3034.13,10462
2022-04-14 16:55:00,3034.0,3034.0,3034.0,3034.0,700
2022-04-14 18:30:00,3035.5,3035.5,3035.5,3035.5,100
2022-04-14 18:35:00,3035.5,3035.5,3035.5,3035.5,125
2022-04-14 18:45:00,3033.0,3033.0,3033.0,3033.0,300
