2022-04-01 07:30:00,3281.0,3281.0,3281.0,3281.0,100
2022-04-01 08:00:00,3281.0,3284.9,3280.0,3280.0,1150
2022-04-01 08:30:00,3272.2438,3281.89,3272.2438,3275.02,2027
2022-04-01 09:00:00,3272.05,3280.0,3259.95,3279.0,3444
2022-04-01 09:30:00,3282.99,3285.6,3246.39,3266.15,158863
2022-04-01 10:00:00,3266.28,3290.79,3262.139,3289.89,103141
2022-04-01 10:30:00,3290.85,3316.54,3290.85,3312.75,93608
2022-04-01 11:00:00,3311.96,3316.38,3294.0,3295.25,87212
2022-04-01 11:30:00,3294.95,3296.5898,3276.385,3280.33,67635
2022-04-01 12:00:00,3276.5,3289.42,3265.11,3285.49,67220
2022-04-01 12:30:00,3284.25,3284.25,3268.57,3270.885,41078
2022-04-01 13:00:00,3269.49,3273.5,3259.05,3263.65,58015
2022-04-01 13:30:00,3262.0,3275.385,3261.6,3266.3,37174
2022-04-01 14:00:00,3266.23,3281.8592,3264.82,3281.8592,48129
2022-04-01 14:30:00,3282.47,3290.38,3272.625,3274.88,54692
2022-04-01 15:00:00,3273.91,3277.28,3248.52,3263.092,72424
2022-04-01 15:30:00,3263.1418,3274.31,3249.49,3272.05,125168
2022-04-01 16:00:00,3271.2,3271.2,3266.0,3266.0,178037
2022-04-01 16:30:00,3271.2,3271.2,3265.4,3265.4,980
2022-04-01 17:00:00,3271.2,3271.2,3267.32,3269.8,970
2022-04-01 17:30:00,3268.98,3270.0,3268.98,3270.0,1108
2022-04-04 07:00:00,3285.0,3285.0,3282.89,3282.89,462
2022-04-04 07:30:00,3282.0,3282.0,3279.64,3280.0,1525
2022-04-04 08:00:00,3282.815,3284.9,3279.0,3279.9376,2231
2022-04-04 08:30:00,3280.0,3280.01,3280.0,3280.0,600
2022-04-04 09:00:00,3277.0,3282.0,3277.0,3281.4,2905
2022-04-04 09:30:00,3282.5,3329.4,3264.11,3328.5,221091
2022-04-04 10:00:00,3330.0,3336.62,3315.88,3324.4,92982
2022-04-04 10:30:00,3325.65,3335.0,3321.41,3333.44,45145
2022-04-04 11:00:00,3333.3,3338.435,3325.08,3326.95,56151
2022-04-04 11:30:00,3328.97,3340.0,3328.71,3336.33,31760
2022-04-04 12:00:00,3335.25,3344.0,3334.1404,3343.05,52290
2022-04-04 12:30:00,3343.0,3347.01,3335.185,3337.45,32014
2022-04-04 13:00:00,3338.48,3343.0,3334.44,3341.51,26058
2022-04-04 13:30:00,3342.02,3343.46,3339.42,3341.55,18823
2022-04-04 14:00:00,3341.1,3345.42,3329.0,3344.48,48154
2022-04-04 14:30:00,3345.47,3349.0,3342.11,3342.3,27727
2022-04-04 15:00:00,3342.58,3351.65,3338.12,3349.0,75635
2022-04-04 15:30:00,3349.37,3367.89,3349.01,3367.38,143010
2022-04-04 16:00:00,3366.93,3369.0,3364.53,3369.0,197338
2022-04-04 16:30:00,3366.93,3371.0,3366.93,3369.88,3475
2022-04-04 17:00:00,3369.0,3369.0,3366.93,3366.93,3280
2022-04-04 17:30:00,3367.0,3367.0,3365.0,3365.0,669
2022-04-04 18:00:00,3364.5,3364.5,3361.0,3361.0,1402
2022-04-04 18:30:00,3362.54,3364.5,3362.54,3364.5,200
2022-04-04 19:30:00,3364.13,3366.93,3364.13,3366.93,643
2022-04-05 04:00:00,3373.0,3373.0,3373.0,3373.0,101
2022-04-05 06:00:00,3356.0,3356.0,3356.0,3356.0,100
2022-04-05 07:00:00,3359.0,3359.0,3354.0,3354.0,325
2022-04-05 08:00:00,3356.8,3360.2,3356.8,3359.0,990
2022-04-05 08:30:00,3357.37,3357.37,3356.91,3356.91,200
2022-04-05 09:00:00,3357.13,3359.1,3350.05,3352.1,3057
2022-04-05 09:30:00,3354.83,3362.21,3328.4524,3342.695,160352
2022-04-05 10:00:00,3341.8254,3350.08,3305.59,3316.98,121047
2022-04-05 10:30:00,3316.96,3322.2,3296.53,3312.62,94622
2022-04-05 11:00:00,3312.707,3313.12,3299.01,3305.0,44810
2022-04-05 11:30:00,3303.99,3308.31,3295.0,3304.48,34762
2022-04-05 12:00:00,3304.85,3307.6,3290.0,3293.76,39573
2022-04-05 12:30:00,3293.725,3301.92,3292.9874,3299.58,39446
2022-04-05 13:00:00,3300.6066,3308.54,3297.01,3302.8,18673
2022-04-05 13:30:00,3303.46,3303.46,3286.0,3292.07,46795
2022-04-05 14:00:00,3293.01,3297.23,3288.0,3289.0,23895
2022-04-05 14:30:00,3289.12,3292.498,3282.93,3284.36,35945
2022-04-05 15:00:00,3284.3,3287.4462,3266.765,3272.81,116038
2022-04-05 15:30:00,3272.13,3283.02,3265.32,3281.1,113883
2022-04-05 16:00:00,3281.1,3289.25,3281.1,3289.0,180465
2022-04-05 16:30:00,3288.0,3289.0,3281.1,3289.0,4615
2022-04-05 17:00:00,3289.0,3289.0,3289.0,3289.0,100
2022-04-05 17:30:00,3289.0,3289.0042,3289.0,3289.0,1793
2022-04-05 18:00:00,3288.0,3288.0,3288.0,3288.0,853
2022-04-05 18:30:00,3285.32,3286.0,3284.0,3284.0,1022
2022-04-05 19:00:00,3284.0,3284.0,3284.0,3284.0,200
2022-04-06 06:00:00,3252.0,3252.12,3252.0,3252.0,460
2022-04-06 07:00:00,3254.75,3254.75,3236.35,3236.35,1826
2022-04-06 07:30:00,3237.0,3238.0,3231.0,3231.0,500
2022-04-06 08:00:00,3245.4812,3252.0,3228.0,3230.0,1847
2022-04-06 08:30:00,3233.9988,3237.0,3233.9988,3237.0,1523
2022-04-06 09:00:00,3236.5062,3281.1,3236.0,3237.49,35187
2022-04-06 09:30:00,3233.32,3244.0,3180.0,3185.69,271553
2022-04-06 10:00:00,3184.14,3187.99,3163.0,3166.29,144840
2022-04-06 10:30:00,3166.9,3186.9976,3165.4734,3177.16,95195
2022-04-06 11:00:00,3175.0,3184.78,3165.0,3177.925,93326
2022-04-06 11:30:00,3178.105,3187.0,3171.41,3181.5,44819
2022-04-06 12:00:00,3182.34,3184.705,3165.41,3166.6718,40489
2022-04-06 12:30:00,3166.9,3179.99,3165.34,3177.94,59606
2022-04-06 13:00:00,3177.94,3186.9,3175.1674,3182.1504,35392
2022-04-06 13:30:00,3182.71,3201.96,3180.64,3187.955,59118
2022-04-06 14:00:00,3187.94,3213.4404,3145.09,3156.09,159948
2022-04-06 14:30:00,3156.6,3200.42,3154.4166,3199.98,102767
2022-04-06 15:00:00,3199.81,3214.7486,3171.42,3172.03,125016
2022-04-06 15:30:00,3172.43,3196.505,3166.2,3174.505,161792
2022-04-06 16:00:00,3175.12,3175.12,3170.2002,3170.3602,255623
2022-04-06 16:30:00,3175.12,3175.12,3175.12,3175.12,3417
2022-04-06 17:00:00,3173.0,3173.0,3170.35,3171.525,703
2022-04-06 18:00:00,3172.38,3175.0,3171.55,3175.0,500
2022-04-06 19:00:00,3172.0,3172.0,3170.0,3170.0,699
2022-04-06 19:30:00,3169.1,3169.1,3169.1,3169.1,150
2022-04-07 06:30:00,3189.1,3189.1,3189.1,3189.1,100
2022-04-07 07:00:00,3185.0,3190.07,3183.0,3189.75,892
2022-04-07 08:00:00,3188.339,3194.89,3181.0,3182.0,1975
2022-04-07 08:30:00,3178.41,3178.41,3175.0,3175.0,200
2022-04-07 09:00:00,3172.51,3174.5008,3168.2016,3168.5,6530
2022-04-07 09:30:00,3168.0,3201.58,3165.0,3187.74,149152
2022-04-07 10:00:00,3188.1,3196.235,3165.0,3171.0,76200
2022-04-07 10:30:00,3169.9174,3180.0,3152.0,3159.3454,85942
2022-04-07 11:00:00,3160.54,3170.0,3145.26,3147.095,66780
2022-04-07 11:30:00,3147.93,3150.755,3116.69,3122.23,104242
2022-04-07 12:00:00,3121.09,3131.265,3107.82,3107.82,82144
2022-04-07 12:30:00,3107.25,3107.58,3090.23,3103.0,157899
2022-04-07 13:00:00,3103.075,3132.14,3101.89,3128.64,99556
2022-04-07 13:30:00,3128.67,3130.0,3111.08,3128.0,61263
2022-04-07 14:00:00,3127.17,3139.097,3115.7684,3129.64,73479
2022-04-07 14:30:00,3128.735,3156.0,3123.675,3155.265,65143
2022-04-07 15:00:00,3153.86,3175.0,3152.935,3157.155,147934
2022-04-07 15:30:00,3157.492,3175.155,3151.95,3154.87,116161
2022-04-07 16:00:00,3155.69,3155.69,3153.0,3153.0,217880
2022-04-07 16:30:00,3155.69,3155.69,3152.76,3153.85,1024
2022-04-07 17:30:00,3154.01,3154.01,3154.01,3154.01,100
2022-04-07 18:00:00,3154.97,3154.99,3154.21,3154.21,450
2022-04-07 18:30:00,3153.9,3154.7,3153.9,3154.7,200
2022-04-07 19:00:00,3155.0,3155.0,3155.0,3155.0,1810
2022-04-07 19:30:00,3155.69,3161.0,3155.69,3161.0,1250
2022-04-08 04:00:00,3175.25,3175.25,3175.0,3175.0,200
2022-04-08 04:30:00,3170.0,3170.0,3170.0,3170.0,212
2022-04-08 07:00:00,3168.0,3172.0,3168.0,3170.0,1648
2022-04-08 07:30:00,3169.98,3170.05,3168.0,3168.0,425
2022-04-08 08:00:00,3162.99,3171.99,3155.0,3161.3674,2876
2022-04-08 08:30:00,3163.0,3163.0,3150.0,3150.0,1018
2022-04-08 09:00:00,3140.2,3140.2,3138.1,3138.1,300
2022-04-08 09:30:00,3135.0,3147.37,3098.05,3104.75,124101
2022-04-08 10:00:00,3101.9158,3126.66,3101.9158,3125.4034,89888
2022-04-08 10:30:00,3126.64,3129.4,3104.5284,3128.79,72500
2022-04-08 11:00:00,3128.07,3136.02,3120.02,3123.65,47708
2022-04-08 11:30:00,3124.59,3128.58,3111.34,3122.19,28966
2022-04-08 12:00:00,3121.3,3136.76,3117.74,3133.9138,29267
2022-04-08 12:30:00,3133.38,3135.06,3125.26,3135.06,20909
2022-04-08 13:00:00,3132.86,3132.86,3115.1,3116.08,24629
2022-04-08 13:30:00,3116.45,3117.42,3105.9036,3117.23,28970
2022-04-08 14:00:00,3118.04,3125.32,3105.0,3110.6274,48502
2022-04-08 14:30:00,3109.43,3113.6,3103.05,3104.635,32248
2022-04-08 15:00:00,3103.0,3108.31,3093.84,3097.04,49992
2022-04-08 15:30:00,3097.96,3100.06,3084.615,3090.45,133691
2022-04-08 16:00:00,3089.46,3089.71,3087.0,3089.21,174066
2022-04-08 16:30:00,3089.21,3089.44,3089.0,3089.0,2611
2022-04-08 17:00:00,3089.19,3089.19,3089.19,3089.19,146
2022-04-08 17:30:00,3089.21,3090.8,3088.18,3088.1902,1200
2022-04-08 18:00:00,3088.89,3088.89,3088.85,3088.85,200
2022-04-08 18:30:00,3088.0,3088.0,3087.02,3087.02,379
2022-04-08 19:00:00,3086.5,3086.5,3084.0,3085.0,570
2022-04-08 19:30:00,3082.0,3082.0,3080.67,3080.67,285
2022-04-11 05:30:00,3058.57,3058.57,3058.57,3058.57,140
2022-04-11 07:00:00,3060.11,3063.25,3053.0,3053.0,1519
2022-04-11 07:30:00,3051.25,3051.25,3048.0,3050.0,931
2022-04-11 08:00:00,3067.0,3070.0,3041.0,3041.0,1850
2022-04-11 08:30:00,3046.15,3050.13,3046.15,3050.0,1046
2022-04-11 09:00:00,3051.0,3055.0,3050.0,3055.0,1276
2022-04-11 09:30:00,3054.26,3080.0,3041.0,3066.57,208152
2022-04-11 10:00:00,3066.52,3082.73,3037.4472,3041.0,78534
2022-04-11 10:30:00,3040.35,3051.14,3018.05,3025.21,113630
2022-04-11 11:00:00,3023.64,3036.97,3021.1766,3033.8654,56254
2022-04-11 11:30:00,3034.72,3044.88,3033.29,3033.79,61733
2022-04-11 12:00:00,3033.04,3034.2,3024.0126,3024.98,31880
2022-04-11 12:30:00,3025.08,3040.53,3020.2,3039.3384,41141
2022-04-11 13:00:00,3040.42,3056.32,3037.14,3037.572,73888
2022-04-11 13:30:00,3038.746,3048.015,3029.96,3035.468,41867
2022-04-11 14:00:00,3036.2,3043.765,3028.695,3030.985,24937
2022-04-11 14:30:00,3030.45,3051.345,3027.073,3040.55,65123
2022-04-11 15:00:00,3041.91,3050.29,3026.64,3026.69,39597
2022-04-11 15:30:00,3028.01,3028.79,3010.69,3022.44,110344
2022-04-11 16:00:00,3022.44,3024.5,3022.44,3022.59,214950
2022-04-11 16:30:00,3023.06,3024.9606,3022.44,3024.9606,1761
2022-04-11 17:00:00,3023.172,3025.0,3023.172,3025.0,600
2022-04-11 17:30:00,3025.0,3025.0,3022.44,3022.44,2303
2022-04-11 18:00:00,3025.0,3025.0,3023.5,3023.5,1999
2022-04-11 18:30:00,3024.58,3024.58,3024.58,3024.58,200
2022-04-11 19:00:00,3023.0,3023.0,3023.0,3023.0,118
2022-04-11 19:30:00,3022.5,3022.5,3022.5,3022.5,295
2022-04-12 07:00:00,3032.0,3032.0,3019.9,3019.9,3626
2022-04-12 07:30:00,3022.99,3023.0,3022.99,3023.0,300
2022-04-12 08:00:00,3017.2398,3030.85,3017.1944,3030.85,1550
2022-04-12 08:30:00,3031.0,3096.7,3031.0,3090.0,18036
2022-04-12 09:00:00,3089.0,3089.0,3072.0,3075.0,2883
2022-04-12 09:30:00,3073.85,3082.725,3038.01,3081.205,234214
2022-04-12 10:00:00,3081.015,3101.98,3076.0,3090.22,128780
2022-04-12 10:30:00,3089.09,3089.34,3060.16,3073.25,53320
2022-04-12 11:00:00,3071.32,3092.6,3061.32,3088.2502,49458
2022-04-12 11:30:00,3091.94,3094.73,3078.98,3085.5434,78560
2022-04-12 12:00:00,3087.825,3090.0,3066.18,3069.2898,41118
2022-04-12 12:30:00,3068.0,3080.0,3064.07,3074.58,32790
2022-04-12 13:00:00,3074.445,3078.0,3064.48,3067.6,16464
2022-04-12 13:30:00,3067.0,3073.0,3041.0306,3044.58,24787
2022-04-12 14:00:00,3043.355,3050.31,3020.425,3020.6382,53592
2022-04-12 14:30:00,3020.0,3033.375,3011.49,3025.865,66542
2022-04-12 15:00:00,3025.0,3026.81,3007.66,3013.69,65923
2022-04-12 15:30:00,3011.97,3031.46,3010.15,3015.33,94874
2022-04-12 16:00:00,3015.75,3017.7,3011.23,3015.75,123624
2022-04-12 16:30:00,3016.0,3017.5916,3016.0,3017.5916,367
2022-04-12 17:00:00,3017.0,3021.78,3017.0,3021.78,628
2022-04-12 17:30:00,3017.0,3017.0,3017.0,3017.0,100
2022-04-12 19:00:00,3020.46,3022.0,3020.46,3022.0,674
2022-04-12 19:30:00,3022.25,3024.0,3022.25,3024.0,800
2022-04-13 04:00:00,3041.0,3041.0,3041.0,3041.0,100
2022-04-13 07:30:00,3033.02,3033.02,3026.0,3026.0,200
2022-04-13 08:00:00,3038.0,3038.0,3024.5,3024.5,300
2022-04-13 08:30:00,3022.0,3022.0,3015.75,3015.7536,55933
2022-04-13 09:00:00,3012.59,3017.0,3000.0,3000.0,2598
2022-04-13 09:30:00,3000.37,3030.235,2992.0,3011.4,184536
2022-04-13 10:00:00,3012.39,3036.915,3003.92,3029.1492,78087
2022-04-13 10:30:00,3027.88,3038.67,3022.07,3033.37,53062
2022-04-13 11:00:00,3034.145,3074.8134,3034.145,3064.59,99053
2022-04-13 11:30:00,3065.99,3074.48,3063.0,3068.45,35879
2022-04-13 12:00:00,3066.18,3084.99,3063.515,3076.84,44710
2022-04-13 12:30:00,3076.4,3090.88,3074.4942,3082.15,27469
2022-04-13 13:00:00,3082.15,3101.01,3078.02,3096.115,57529
2022-04-13 13:30:00,3094.36,3096.915,3081.525,3088.205,43737
2022-04-13 14:00:00,3088.3726,3093.16,3084.145,3089.55,35222
2022-04-13 14:30:00,3090.125,3110.81,3086.6202,3108.615,75204
2022-04-13 15:00:00,3108.545,3118.41,3102.13,3114.125,79329
2022-04-13 15:30:00,3114.0,3120.5,3106.89,3111.21,192139
2022-04-13 16:00:00,3111.955,3111.97,3109.0,3110.82,184797
2022-04-13 16:30:00,3115.0,3115.0,3110.82,3112.01,2581
2022-04-13 17:00:00,3112.3506,3114.96,3112.3506,3114.96,894
2022-04-13 17:30:00,3115.0,3118.0,3115.0,3117.0,700
2022-04-13 18:00:00,3118.0,3118.0,3118.0,3118.0,279
2022-04-13 19:30:00,3118.05,3118.05,3112.01,3117.74,598
2022-04-14 04:00:00,3115.12,3115.12,3113.0,3113.0,200
2022-04-14 04:30:00,3111.21,3111.21,3108.0,3108.0,785
2022-04-14 06:30:00,3111.9,3111.9,3111.9,3111.9,305
2022-04-14 07:00:00,3115.0,3115.41,3115.0,3115.41,584
2022-04-14 08:00:00,3111.4676,3113.0458,3105.0,3111.22,1025
2022-04-14 08:30:00,3108.0,3110.0,3108.0,3110.0,500
2022-04-14 09:00:00,3106.783,3115.29,3103.01,3110.98,4849
2022-04-14 09:30:00,3107.8,3117.94,3076.0,3076.41,217812
2022-04-14 10:00:00,3077.377,3084.28,3057.0,3069.0,102812
2022-04-14 10:30:00,3067.6,3074.74,3052.94,3069.0,67924
2022-04-14 11:00:00,3066.45,3075.01,3061.76,3073.52,50966
2022-04-14 11:30:00,3071.795,3071.795,3059.0054,3061.86,25676
2022-04-14 12:00:00,3057.57,3066.155,3052.0,3054.52,42937
2022-04-14 12:30:00,3055.0,3057.3,3041.02,3046.905,51624
2022-04-14 13:00:00,3048.99,3050.99,3044.5,3045.4,27882
2022-04-14 13:30:00,3045.42,3058.03,3044.24,3054.63,26332
2022-04-14 14:00:00,3056.0,3065.93,3052.97,3055.18,40957
2022-04-14 14:30:00,3056.4,3058.91,3037.37,3037.37,29778
2022-04-14 15:00:00,3036.8774,3045.98,3034.57,3035.0,45019
2022-04-14 15:30:00,3036.49,3041.59,3029.435,3033.9,108026
2022-04-14 16:00:00,3034.13,3034.13,3032.7,3032.7,263933
2022-04-14 16:30:00,3033.93,3034.13,3033.93,3034.0,13732
2022-04-14 18:30:00,3035.5,3035.5,3033.0,3033.0,525
