2022-04-01 07:00:00,3281.0,3281.0,3279.0,3281.0,700
2022-04-01 08:00:00,3281.0,3284.9,3272.2438,3275.02,3177
2022-04-01 09:00:00,3272.05,3285.6,3246.39,3266.15,162307
2022-04-01 10:00:00,3266.28,3316.54,3262.139,3312.75,196749
2022-04-01 11:00:00,3311.96,3316.38,3276.385,3280.33,154847
2022-04-01 12:00:00,3276.5,3289.42,3265.11,3270.885,108298
2022-04-01 13:00:00,3269.49,3275.385,3259.05,3266.3,95189
2022-04-01 14:00:00,3266.23,3290.38,3264.82,3274.88,102821
2022-04-01 15:00:00,3273.91,3277.28,3248.52,3272.05,197592
2022-04-01 16:00:00,3271.2,3271.2,3265.4,3265.4,179017
2022-04-01 17:00:00,3271.2,3271.2,3267.32,3270.0,2078
2022-04-04 07:00:00,3285.0,3285.0,3279.64,3280.0,1987
2022-04-04 08:00:00,3282.815,3284.9,3279.0,3280.0,2831
2022-04-04 09:00:00,3277.0,3329.4,3264.11,3328.5,223996
2022-04-04 10:00:00,3330.0,3336.62,3315.88,3333.44,138127
2022-04-04 11:00:00,3333.3,3340.0,3325.08,3336.33,87911
2022-04-04 12:00:00,3335.25,3347.01,3334.1404,3337.45,84304
2022-04-04 13:00:00,3338.48,3343.46,3334.44,3341.55,44881
2022-04-04 14:00:00,3341.1,3349.0,3329.0,3342.3,75881
2022-04-04 15:00:00,3342.58,3367.89,3338.12,3367.38,218645
2022-04-04 16:00:00,3366.93,3371.0,3364.53,3369.88,200813
2022-04-04 17:00:00,3369.0,3369.0,3365.0,3365.0,3949
2022-04-04 18:00:00,3364.5,3364.5,3361.0,3364.5,1602
2022-04-04 19:00:00,3364.13,3366.93,3364.13,3366.93,643
2022-04-05 04:00:00,3373.0,3373.0,3373.0,3373.0,101
2022-04-05 06:00:00,3356.0,3356.0,3356.0,3356.0,100
2022-04-05 07:00:00,3359.0,3359.0,3354.0,3354.0,325
2022-04-05 08:00:00,3356.8,3360.2,3356.8,3356.91,1190
2022-04-05 09:00:00,3357.13,3362.21,3328.4524,3342.695,163409
2022-04-05 10:00:00,3341.8254,3350.08,3296.53,3312.62,215669
2022-04-05 11:00:00,3312.707,3313.12,3295.0,3304.48,79572
2022-04-05 12:00:00,3304.85,3307.6,3290.0,3299.58,79019
2022-04-05 13:00:00,3300.6066,3308.54,3286.0,3292.07,65468
2022-04-05 14:00:00,3293.01,3297.23,3282.93,3284.36,59840
2022-04-05 15:00:00,3284.3,3287.4462,3265.32,3281.1,229921
2022-04-05 16:00:00,3281.1,3289.25,3281.1,3289.0,185080
2022-04-05 17:00:00,3289.0,3289.0042,3289.0,3289.0,1893
2022-04-05 18:00:00,3288.0,3288.0,3284.0,3284.0,1875
2022-04-05 19:00:00,3284.0,3284.0,3284.0,3284.0,200
2022-04-06 06:00:00,3252.0,3252.12,3252.0,3252.0,460
2022-04-06 07:00:00,3254.75,3254.75,3231.0,3231.0,2326
2022-04-06 08:00:00,3245.4812,3252.0,3228.0,3237.0,3370
2022-04-06 09:00:00,3236.5062,3281.1,3180.0,3185.69,306740
2022-04-06 10:00:00,3184.14,3187.99,3163.0,3177.16,240035
2022-04-06 11:00:00,3175.0,3187.0,3165.0,3181.5,138145
2022-04-06 12:00:00,3182.34,3184.705,3165.34,3177.94,100095
2022-04-06 13:00:00,3177.94,3201.96,3175.1674,3187.955,94510
2022-04-06 14:00:00,3187.94,3213.4404,3145.09,3199.98,262715
2022-04-06 15:00:00,3199.81,3214.7486,3166.2,3174.505,286808
2022-04-06 16:00:00,3175.12,3175.12,3170.2002,3175.12,259040
2022-04-06 17:00:00,3173.0,3173.0,3170.35,3171.525,703
2022-04-06 18:00:00,3172.38,3175.0,3171.55,3175.0,500
2022-04-06 19:00:00,3172.0,3172.0,3169.1,3169.1,849
2022-04-07 06:00:00,3189.1,3189.1,3189.1,3189.1,100
2022-04-07 07:00:00,3185.0,3190.07,3183.0,3189.75,892
2022-04-07 08:00:00,3188.339,3194.89,3175.0,3175.0,2175
2022-04-07 09:00:00,3172.51,3201.58,3165.0,3187.74,155682
2022-04-07 10:00:00,3188.1,3196.235,3152.0,3159.3454,162142
2022-04-07 11:00:00,3160.54,3170.0,3116.69,3122.23,171022
2022-04-07 12:00:00,3121.09,3131.265,3090.23,3103.0,240043
2022-04-07 13:00:00,3103.075,3132.14,3101.89,3128.0,160819
2022-04-07 14:00:00,3127.17,3156.0,3115.7684,3155.265,138622
2022-04-07 15:00:00,3153.86,3175.155,3151.95,3154.87,264095
2022-04-07 16:00:00,3155.69,3155.69,3152.76,3153.85,218904
2022-04-07 17:00:00,3154.01,3154.01,3154.01,3154.01,100
2022-04-07 18:00:00,3154.97,3154.99,3153.9,3154.7,650
2022-04-07 19:00:00,3155.0,3161.0,3155.0,3161.0,3060
2022-04-08 04:00:00,3175.25,3175.25,3170.0,3170.0,412
2022-04-08 07:00:00,3168.0,3172.0,3168.0,3168.0,2073
2022-04-08 08:00:00,3162.99,3171.99,3150.0,3150.0,3894
2022-04-08 09:00:00,3140.2,3147.37,3098.05,3104.75,124401
2022-04-08 10:00:00,3101.9158,3129.4,3101.9158,3128.79,162388
2022-04-08 11:00:00,3128.07,3136.02,3111.34,3122.19,76674
2022-04-08 12:00:00,3121.3,3136.76,3117.74,3135.06,50176
2022-04-08 13:00:00,3132.86,3132.86,3105.9036,3117.23,53599
2022-04-08 14:00:00,3118.04,3125.32,3103.05,3104.635,80750
2022-04-08 15:00:00,3103.0,3108.31,3084.615,3090.45,183683
2022-04-08 16:00:00,3089.46,3089.71,3087.0,3089.0,176677
2022-04-08 17:00:00,3089.19,3090.8,3088.18,3088.1902,1346
2022-04-08 18:00:00,3088.89,3088.89,3087.02,3087.02,579
2022-04-08 19:00:00,3086.5,3086.5,3080.67,3080.67,855
2022-04-11 05:00:00,3058.57,3058.57,3058.57,3058.57,140
2022-04-11 07:00:00,3060.11,3063.25,3048.0,3050.0,2450
2022-04-11 08:00:00,3067.0,3070.0,3041.0,3050.0,2896
2022-04-11 09:00:00,3051.0,3080.0,3041.0,3066.57,209428
2022-04-11 10:00:00,3066.52,3082.73,3018.05,3025.21,192164
2022-04-11 11:00:00,3023.64,3044.88,3021.1766,3033.79,117987
2022-04-11 12:00:00,3033.04,3040.53,3020.2,3039.3384,73021
2022-04-11 13:00:00,3040.42,3056.32,3029.96,3035.468,115755
2022-04-11 14:00:00,3036.2,3051.345,3027.073,3040.55,90060
2022-04-11 15:00:00,3041.91,3050.29,3010.69,3022.44,149941
2022-04-11 16:00:00,3022.44,3024.9606,3022.44,3024.9606,216711
2022-04-11 17:00:00,3023.172,3025.0,3022.44,3022.44,2903
2022-04-11 18:00:00,3025.0,3025.0,3023.5,3024.58,2199
2022-04-11 19:00:00,3023.0,3023.0,3022.5,3022.5,413
2022-04-12 07:00:00,3032.0,3032.0,3019.9,3023.0,3926
2022-04-12 08:00:00,3017.2398,3096.7,3017.1944,3090.0,19586
2022-04-12 09:00:00,3089.0,3089.0,3038.01,3081.205,237097
2022-04-12 10:00:00,3081.015,3101.98,3060.16,3073.25,182100
2022-04-12 11:00:00,3071.32,3094.73,3061.32,3085.5434,128018
2022-04-12 12:00:00,3087.825,3090.0,3064.07,3074.58,73908
2022-04-12 13:00:00,3074.445,3078.0,3041.0306,3044.58,41251
2022-04-12 14:00:00,3043.355,3050.31,3011.49,3025.865,120134
2022-04-12 15:00:00,3025.0,3031.46,3007.66,3015.33,160797
2022-04-12 16:00:00,3015.75,3017.7,3011.23,3017.5916,123991
2022-04-12 17:00:00,3017.0,3021.78,3017.0,3017.0,728
2022-04-12 19:00:00,3020.46,3024.0,3020.46,3024.0,1474
2022-04-13 04:00:00,3041.0,3041.0,3041.0,3041.0,100
2022-04-13 07:00:00,3033.02,3033.02,3026.0,3026.0,200
2022-04-13 08:00:00,3038.0,3038.0,3015.75,3015.7536,56233
2022-04-13 09:00:00,3012.59,3030.235,2992.0,3011.4,187134
2022-04-13 10:00:00,3012.39,3038.67,3003.92,3033.37,131149
2022-04-13 11:00:00,3034.145,3074.8134,3034.145,3068.45,134932
2022-04-13 12:00:00,3066.18,3090.88,3063.515,3082.15,72179
2022-04-13 13:00:00,3082.15,3101.01,3078.02,3088.205,101266
2022-04-13 14:00:00,3088.3726,3110.81,3084.145,3108.615,110426
2022-04-13 15:00:00,3108.545,3120.5,3102.13,3111.21,271468
2022-04-13 16:00:00,3111.955,3115.0,3109.0,3112.01,187378
2022-04-13 17:00:00,3112.3506,3118.0,3112.3506,3117.0,1594
2022-04-13 18:00:00,3118.0,3118.0,3118.0,3118.0,279
2022-04-13 19:00:00,3118.05,3118.05,3112.01,3117.74,598
2022-04-14 04:00:00,3115.12,3115.12,3108.0,3108.0,985
2022-04-14 06:00:00,3111.9,3111.9,3111.9,3111.9,305
2022-04-14 07:00:00,3115.0,3115.41,3115.0,3115.41,584
2022-04-14 08:00:00,3111.4676,3113.0458,3105.0,3110.0,1525
2022-04-14 09:00:00,3106.783,3117.94,3076.0,3076.41,222661
2022-04-14 10:00:00,3077.377,3084.28,3052.94,3069.0,170736
2022-04-14 11:00:00,3066.45,3075.01,3059.0054,3061.86,76642
2022-04-14 12:00:00,3057.57,3066.155,3041.02,3046.905,94561
2022-04-14 13:00:00,3048.99,3058.03,3044.24,3054.63,54214
2022-04-14 14:00:00,3056.0,3065.93,3037.37,3037.37,70735
2022-04-14 15:00:00,3036.8774,3045.98,3029.435,3033.9,153045
2022-04-14 16:00:00,3034.13,3034.13,3032.7,3034.0,277665
2022-04-14 18:00:00,3035.5,3035.5,3033.0,3033.0,525
2022-04-14 19:00:00,3031.78,3033.0,3031.78,3033.0,535
