2022-04-01 04:00:00,310.37,310.37,310.37,310.37,187
2022-04-01 04:05:00,310.5,310.5,310.3,310.3,500
2022-04-01 04:10:00,309.8,309.8,309.8,309.8,120
2022-04-01 04:35:00,310.0,310.0,310.0,310.0,100
2022-04-01 04:40:00,310.0,310.0,310.0,310.0,261
2022-04-01 04:45:00,310.1,310.1,310.1,310.1,573
2022-04-01 04:50:00,310.0,310.0,309.92,309.92,509
2022-04-01 05:05:00,309.66,309.66,309.66,309.66,100
2022-04-01 05:10:00,309.36,309.36,309.2,309.2,1187
2022-04-01 05:15:00,309.5,309.5,309.5,309.5,223
2022-04-01 05:20:00,309.5,309.5,309.5,309.5,226
2022-04-01 05:25:00,309.75,309.75,309.75,309.75,100
2022-04-01 05:30:00,309.77,310.0,309.77,310.0,977
2022-04-01 05:35:00,310.1,310.1,310.1,310.1,100
2022-04-01 05:45:00,309.74,309.74,309.74,309.74,113
2022-04-01 05:50:00,310.05,310.1,309.98,310.1,381
2022-04-01 05:55:00,310.01,310.01,310.01,310.01,100
2022-04-01 06:05:00,310.03,310.03,310.03,310.03,590
2022-04-01 06:35:00,310.28,310.28,310.28,310.28,240
2022-04-01 06:40:00,310.22,310.22,310.2,310.2,410
2022-04-01 06:45:00,310.2,310.2,310.03,310.03,572
2022-04-01 06:50:00,310.11,310.11,310.11,310.11,235
2022-04-01 07:00:00,310.3,310.3,310.2,310.2,205
2022-04-01 07:05:00,310.2,310.41,310.2,310.33,857
2022-04-01 07:10:00,310.32,310.35,310.2,310.2,1583
2022-04-01 07:15:00,310.2,310.31,310.2,310.31,512
2022-04-01 07:30:00,310.2,310.25,310.2,310.25,568
2022-04-01 07:35:00,310.34,310.45,310.34,310.45,1500
2022-04-01 07:45:00,310.5,310.6,310.5,310.6,279
2022-04-01 07:50:00,310.6,310.6,310.6,310.6,470
2022-04-01 07:55:00,310.6,310.6,310.6,310.6,644
2022-04-01 08:00:00,310.2,310.6,307.54,307.54,12816
2022-04-01 08:05:00,310.15,310.198,310.15,310.198,600
2022-04-01 08:10:00,310.2,310.23,310.2,310.23,1552
2022-04-01 08:15:00,310.36,310.5,310.3,310.45,3697
2022-04-01 08:20:00,310.55,310.55,310.15,310.15,1612
2022-04-01 08:25:00,310.13,310.2,310.01,310.2,10392
2022-04-01 08:30:00,310.02,310.42,309.8,310.0,25287
2022-04-01 08:35:00,310.0,310.0,310.0,310.0,1100
2022-04-01 08:40:00,310.0,310.01,309.31,309.31,10316
2022-04-01 08:45:00,309.49,309.75,309.49,309.75,1782
2022-04-01 08:50:00,309.62,310.09,309.34,309.84,11490
2022-04-01 08:55:00,309.73,309.75,309.43,309.7,4916
2022-04-01 09:00:00,309.64,309.75,309.23,309.23,4308
2022-04-01 09:05:00,309.4,309.52,308.31,309.51,9501
2022-04-01 09:10:00,309.54,309.54,309.3,309.5,10639
2022-04-01 09:15:00,309.6,309.7,309.58,309.62,3853
2022-04-01 09:20:00,309.48,309.6,309.13,309.15,21845
2022-04-01 09:25:00,309.6,309.9,308.76,309.46,25308
2022-04-01 09:30:00,309.46,310.13,308.21,308.275,620650
2022-04-01 09:35:00,308.23,309.29,307.64,308.395,421347
2022-04-01 09:40:00,308.36,309.58,308.2449,308.94,285345
2022-04-01 09:45:00,308.88,309.29,308.41,308.5399,330806
2022-04-01 09:50:00,308.47,308.76,306.82,307.15,429556
2022-04-01 09:55:00,307.18,307.71,306.875,306.945,331690
2022-04-01 10:00:00,306.94,306.98,306.272,306.74,337914
2022-04-01 10:05:00,306.74,307.5,306.675,307.125,212427
2022-04-01 10:10:00,307.1232,308.29,307.06,308.1175,230940
2022-04-01 10:15:00,308.17,308.83,307.78,307.88,223479
2022-04-01 10:20:00,307.8772,308.14,307.26,308.1024,173930
2022-04-01 10:25:00,308.1,308.94,307.97,308.5593,227580
2022-04-01 10:30:00,308.52,308.74,307.85,308.08,240258
2022-04-01 10:35:00,308.06,308.63,307.875,307.875,170290
2022-04-01 10:40:00,307.86,308.377,307.43,308.28,154075
2022-04-01 10:45:00,308.3,308.955,308.13,308.67,165676
2022-04-01 10:50:00,308.71,309.45,308.58,309.1979,198979
2022-04-01 10:55:00,309.16,309.17,308.5,308.75,138551
2022-04-01 11:00:00,308.73,308.99,308.38,308.88,132193
2022-04-01 11:05:00,308.86,308.91,308.2501,308.68,141109
2022-04-01 11:10:00,308.6501,308.765,307.87,307.8951,169982
2022-04-01 11:15:00,307.92,308.52,307.76,308.23,147105
2022-04-01 11:20:00,308.2299,308.6135,308.0,308.13,113115
2022-04-01 11:25:00,308.17,308.23,307.64,307.83,106319
2022-04-01 11:30:00,307.815,307.89,307.39,307.39,162253
2022-04-01 11:35:00,307.37,307.3701,306.56,306.68,284354
2022-04-01 11:40:00,306.69,306.72,306.17,306.17,262854
2022-04-01 11:45:00,306.19,306.48,305.83,306.16,215330
2022-04-01 11:50:00,306.13,306.58,305.92,306.33,160312
2022-04-01 11:55:00,306.255,306.255,305.61,305.8615,146741
2022-04-01 12:00:00,305.83,305.935,305.57,305.65,127720
2022-04-01 12:05:00,305.655,306.3,305.54,306.24,125515
2022-04-01 12:10:00,306.26,306.56,305.98,306.52,132225
2022-04-01 12:15:00,306.53,306.59,306.01,306.025,96920
2022-04-01 12:20:00,306.01,306.65,305.98,306.615,106912
2022-04-01 12:25:00,306.6,306.82,306.37,306.695,86728
2022-04-01 12:30:00,306.68,306.69,306.0,306.17,118270
2022-04-01 12:35:00,306.1728,306.2,305.88,306.01,132552
2022-04-01 12:40:00,306.0,306.4,305.86,306.39,148349
2022-04-01 12:45:00,306.38,306.55,305.92,306.51,127350
2022-04-01 12:50:00,306.5,306.54,306.0707,306.42,122205
2022-04-01 12:55:00,306.4499,306.585,306.0,306.0406,111169
2022-04-01 13:00:00,306.06,306.55,306.03,306.43,121360
2022-04-01 13:05:00,306.45,306.87,306.41,306.44,122748
2022-04-01 13:10:00,306.42,306.425,306.07,306.26,122190
2022-04-01 13:15:00,306.24,306.67,306.1631,306.62,120762
2022-04-01 13:20:00,306.6,306.95,306.18,306.74,155035
2022-04-01 13:25:00,306.76,306.91,306.56,306.56,91874
2022-04-01 13:30:00,306.55,306.98,306.5,306.6,149783
2022-04-01 13:35:00,306.59,307.34,306.59,307.14,119195
2022-04-01 13:40:00,307.13,307.315,306.96,307.09,101704
2022-04-01 13:45:00,307.08,307.25,306.85,307.21,109589
2022-04-01 13:50:00,307.16,307.24,306.94,307.0101,76671
2022-04-01 13:55:00,307.01,307.22,306.92,306.92,85697
2022-04-01 14:00:00,306.915,307.46,306.64,307.34,164534
2022-04-01 14:05:00,307.36,307.73,307.13,307.26,172984
2022-04-01 14:10:00,307.19,307.65,307.05,307.62,99024
2022-04-01 14:15:00,307.65,307.83,307.4,307.45,145608
2022-04-01 14:20:00,307.45,307.73,307.27,307.34,109016
2022-04-01 14:25:00,307.355,307.69,307.16,307.61,137253
2022-04-01 14:30:00,307.64,308.06,307.555,307.9899,164470
2022-04-01 14:35:00,307.9736,308.03,307.5,307.7,109730
2022-04-01 14:40:00,307.72,308.31,307.72,308.21,128465
2022-04-01 14:45:00,308.1567,308.48,307.97,308.09,96741
2022-04-01 14:50:00,308.08,308.14,307.67,307.7,95338
2022-04-01 14:55:00,307.69,307.87,307.39,307.5,120239
2022-04-01 15:00:00,307.44,308.105,307.4152,307.71,150484
2022-04-01 15:05:00,307.7,308.05,307.49,307.55,113416
2022-04-01 15:10:00,307.53,307.63,307.11,307.44,174071
2022-04-01 15:15:00,307.4345,307.79,306.8,306.84,213583
2022-04-01 15:20:00,306.825,307.02,306.58,306.78,218315
2022-04-01 15:25:00,306.77,307.1,306.73,307.0,155632
2022-04-01 15:30:00,307.0,307.09,306.31,306.43,177958
2022-04-01 15:35:00,306.43,306.565,306.21,306.33,169362
2022-04-01 15:40:00,306.3,306.68,305.94,306.115,271589
2022-04-01 15:45:00,306.1,306.635,305.851,306.635,311627
2022-04-01 15:50:00,306.67,309.0,306.67,308.665,875779
2022-04-01 15:55:00,308.63,309.62,308.52,309.42,1328002
2022-04-01 16:00:00,309.42,309.69,309.08,309.42,3833376
2022-04-01 16:05:00,309.5,309.75,309.42,309.5,24260
2022-04-01 16:10:00,309.51,309.55,309.328,309.35,57954
2022-04-01 16:15:00,309.35,309.37,309.3,309.35,12259
2022-04-01 16:20:00,309.3,309.3,309.25,309.25,890
2022-04-01 16:25:00,309.3999,309.4,309.27,309.37,1312
2022-04-01 16:30:00,309.4,309.4,309.4,309.4,132
2022-04-01 16:35:00,309.42,309.42,309.38,309.42,13938
2022-04-01 16:40:00,309.42,309.42,309.25,309.25,4663
2022-04-01 16:55:00,309.3,309.42,309.25,309.4,1993
2022-04-01 17:00:00,309.48,309.48,309.48,309.48,1623
2022-04-01 17:05:00,309.465,309.465,309.3409,309.3409,200
2022-04-01 17:10:00,309.4673,309.47,309.4673,309.47,700
2022-04-01 17:15:00,309.48,309.5,309.48,309.5,6586
2022-04-01 17:30:00,309.5001,309.5001,309.5,309.5,1150
2022-04-01 17:35:00,309.5,309.5,309.5,309.5,295
2022-04-01 17:40:00,309.6,309.6,309.5,309.5,1563
2022-04-01 17:45:00,309.6,309.6,309.6,309.6,162
2022-04-01 17:50:00,309.51,309.51,309.51,309.51,204
2022-04-01 18:00:00,309.55,309.55,309.51,309.55,2200
2022-04-01 18:05:00,309.68,309.69,309.52,309.54,2502
2022-04-01 18:10:00,309.54,309.54,309.54,309.54,242
2022-04-01 18:30:00,309.53,309.53,309.53,309.53,200
2022-04-01 18:40:00,309.54,309.54,309.54,309.54,382
2022-04-01 18:45:00,309.68,309.68,309.55,309.55,2650
2022-04-01 19:00:00,309.51,309.51,309.51,309.51,300
2022-04-01 19:20:00,309.52,309.65,309.52,309.65,2410
2022-04-01 19:30:00,309.5,309.5,309.5,309.5,469
2022-04-01 19:35:00,309.44,309.44,309.44,309.44,1000
2022-04-01 19:45:00,309.46,309.6,309.4,309.6,9202
2022-04-01 19:50:00,309.46,309.46,309.46,309.46,150
2022-04-04 04:00:00,309.01,309.45,309.01,309.45,453
2022-04-04 04:10:00,309.39,309.39,309.39,309.39,100
2022-04-04 04:25:00,309.85,310.0,309.85,310.0,200
2022-04-04 04:35:00,310.3,310.3,310.3,310.3,712
2022-04-04 04:40:00,310.7,310.98,310.15,310.15,3029
2022-04-04 04:50:00,310.5,310.5,310.5,310.5,1000
2022-04-04 04:55:00,310.62,310.62,310.62,310.62,156
2022-04-04 05:05:00,310.75,310.75,310.75,310.75,137
2022-04-04 05:10:00,310.9,310.9,310.9,310.9,100
2022-04-04 05:30:00,310.95,310.95,310.75,310.79,400
2022-04-04 05:35:00,310.86,310.86,310.86,310.86,150
2022-04-04 05:45:00,310.81,310.82,310.81,310.82,457
2022-04-04 05:55:00,310.99,311.0,310.99,311.0,1246
2022-04-04 06:10:00,311.2,311.21,311.2,311.21,200
2022-04-04 06:20:00,311.21,311.24,311.21,311.24,945
2022-04-04 06:30:00,311.25,311.25,311.25,311.25,400
2022-04-04 06:40:00,311.0,311.0,311.0,311.0,132
2022-04-04 07:00:00,310.82,310.82,310.6,310.6,1987
2022-04-04 07:05:00,310.82,310.82,310.7,310.79,653
2022-04-04 07:10:00,310.8,310.81,310.8,310.8,500
2022-04-04 07:15:00,311.0,311.18,310.9,311.18,954
2022-04-04 07:20:00,311.01,311.01,311.0,311.0,697
2022-04-04 07:25:00,311.0,311.15,311.0,311.11,752
2022-04-04 07:30:00,311.1,311.1,311.1,311.1,568
2022-04-04 07:35:00,311.02,311.02,311.0,311.0,4207
2022-04-04 07:40:00,310.98,311.04,310.98,311.04,320
2022-04-04 07:50:00,310.94,311.12,310.94,311.12,1344
2022-04-04 07:55:00,311.12,311.4,310.98,311.06,3759
2022-04-04 08:00:00,310.7,311.24,308.647,310.96,22882
2022-04-04 08:05:00,310.95,310.95,310.52,310.58,6662
2022-04-04 08:10:00,310.55,310.65,310.55,310.57,2760
2022-04-04 08:15:00,310.57,310.57,310.31,310.35,14370
2022-04-04 08:20:00,310.35,310.5,310.35,310.46,700
2022-04-04 08:25:00,310.46,310.58,310.46,310.58,720
2022-04-04 08:30:00,310.36,310.89,310.36,310.63,3914
2022-04-04 08:35:00,310.59,310.59,310.3,310.3,1050
2022-04-04 08:40:00,310.4,310.4,310.17,310.17,21328
2022-04-04 08:45:00,310.2,310.3,309.76,309.76,6433
2022-04-04 08:50:00,309.8,309.9,309.8,309.9,1463
2022-04-04 08:55:00,309.9,309.9,309.9,309.9,686
2022-04-04 09:00:00,309.8,309.9,309.8,309.82,1250
2022-04-04 09:05:00,309.89,310.05,309.89,309.93,6049
2022-04-04 09:10:00,309.87,310.0,309.85,310.0,8785
2022-04-04 09:15:00,309.85,310.17,309.85,310.17,700
2022-04-04 09:20:00,310.32,310.35,310.19,310.2,2782
2022-04-04 09:25:00,310.4,310.4,310.03,310.2,4753
2022-04-04 09:30:00,310.09,311.66,309.71,311.38,984134
2022-04-04 09:35:00,311.35,313.5,311.22,313.43,550917
2022-04-04 09:40:00,313.5,314.27,313.44,313.64,491439
2022-04-04 09:45:00,313.64,313.87,312.93,313.81,306576
2022-04-04 09:50:00,313.76,314.33,313.5,313.65,393637
2022-04-04 09:55:00,313.62,314.2,313.38,313.985,297530
2022-04-04 10:00:00,313.985,314.35,313.53,313.89,300112
2022-04-04 10:05:00,313.88,314.17,313.16,313.3295,249288
2022-04-04 10:10:00,313.36,314.1,313.12,313.24,235806
2022-04-04 10:15:00,313.235,313.438,312.19,312.7,235438
2022-04-04 10:20:00,312.69,313.09,312.49,312.81,178207
2022-04-04 10:25:00,312.84,313.06,312.55,312.88,167461
2022-04-04 10:30:00,312.89,313.12,312.445,312.7199,163550
2022-04-04 10:35:00,312.6729,313.51,312.55,313.01,208963
2022-04-04 10:40:00,313.01,313.04,312.4101,312.52,123932
2022-04-04 10:45:00,312.56,312.87,312.25,312.79,149180
2022-04-04 10:50:00,312.79,313.02,312.65,312.65,117312
2022-04-04 10:55:00,312.635,312.8,312.11,312.5,140954
2022-04-04 11:00:00,312.5,313.42,312.485,313.3913,159869
2022-04-04 11:05:00,313.39,313.64,313.26,313.62,134648
2022-04-04 11:10:00,313.6325,313.85,313.49,313.7,176176
2022-04-04 11:15:00,313.68,313.68,313.2,313.23,149506
2022-04-04 11:20:00,313.21,313.52,313.07,313.27,108912
2022-04-04 11:25:00,313.27,313.48,313.2294,313.3,114874
2022-04-04 11:30:00,313.26,313.43,312.82,312.97,167416
2022-04-04 11:35:00,312.95,313.2,312.805,313.17,114967
2022-04-04 11:40:00,313.1701,313.7,313.0988,313.5,112814
2022-04-04 11:45:00,313.5097,313.91,313.42,313.82,136249
2022-04-04 11:50:00,313.82,314.02,313.64,313.92,94232
2022-04-04 11:55:00,313.935,313.96,313.27,313.3,128482
2022-04-04 12:00:00,313.34,313.63,313.09,313.25,142253
2022-04-04 12:05:00,313.25,313.3301,313.12,313.1525,91814
2022-04-04 12:10:00,313.16,313.46,313.07,313.46,132557
2022-04-04 12:15:00,313.47,313.63,313.37,313.59,166061
2022-04-04 12:20:00,313.5961,314.1,313.57,314.0,199071
2022-04-04 12:25:00,314.04,314.04,313.73,313.82,131888
2022-04-04 12:30:00,313.82,314.0,313.81,313.8707,108246
2022-04-04 12:35:00,313.91,313.93,313.56,313.675,125996
2022-04-04 12:40:00,313.69,313.71,313.38,313.52,65714
2022-04-04 12:45:00,313.49,313.72,313.31,313.59,128631
2022-04-04 12:50:00,313.57,313.62,313.41,313.54,85329
2022-04-04 12:55:00,313.51,313.54,313.27,313.32,131310
2022-04-04 13:00:00,313.33,313.4416,313.13,313.4416,84589
2022-04-04 13:05:00,313.46,313.48,313.23,313.365,71989
2022-04-04 13:10:00,313.37,313.43,313.05,313.17,117517
2022-04-04 13:15:00,313.1369,313.18,312.865,313.02,120080
2022-04-04 13:20:00,313.0,313.11,312.71,313.08,95050
2022-04-04 13:25:00,313.0745,313.46,313.07,313.35,160833
2022-04-04 13:30:00,313.34,313.47,313.18,313.36,79219
2022-04-04 13:35:00,313.38,313.44,313.21,313.36,50112
2022-04-04 13:40:00,313.36,313.43,313.25,313.38,56696
2022-04-04 13:45:00,313.37,313.52,313.25,313.36,108037
2022-04-04 13:50:00,313.35,313.6,313.32,313.57,84294
2022-04-04 13:55:00,313.58,313.92,313.56,313.83,115861
2022-04-04 14:00:00,313.86,313.86,313.65,313.81,84158
2022-04-04 14:05:00,313.82,313.89,313.17,313.21,131530
2022-04-04 14:10:00,313.19,313.47,313.115,313.38,72167
2022-04-04 14:15:00,313.39,313.71,313.3,313.44,79306
2022-04-04 14:20:00,313.43,313.6,313.41,313.52,108308
2022-04-04 14:25:00,313.52,313.97,313.41,313.9,129871
2022-04-04 14:30:00,313.89,314.05,313.7915,314.0289,122621
2022-04-04 14:35:00,314.05,314.145,314.01,314.02,97267
2022-04-04 14:40:00,314.02,314.27,313.97,314.17,90853
2022-04-04 14:45:00,314.188,314.47,314.13,314.155,131027
2022-04-04 14:50:00,314.16,314.41,313.8901,314.4,104829
2022-04-04 14:55:00,314.4131,314.46,314.12,314.15,104200
2022-04-04 15:00:00,314.14,314.21,313.96,314.14,99902
2022-04-04 15:05:00,314.15,314.3883,314.13,314.34,103883
2022-04-04 15:10:00,314.35,314.52,314.06,314.27,183548
2022-04-04 15:15:00,314.27,314.44,313.93,313.99,139770
2022-04-04 15:20:00,313.99,314.41,313.99,314.41,152387
2022-04-04 15:25:00,314.41,314.46,314.11,314.126,142144
2022-04-04 15:30:00,314.13,314.46,314.0284,314.27,164849
2022-04-04 15:35:00,314.26,314.4,314.06,314.394,123277
2022-04-04 15:40:00,314.38,314.39,313.94,314.0383,182215
2022-04-04 15:45:00,314.03,314.46,313.93,314.14,279083
2022-04-04 15:50:00,314.15,314.82,314.14,314.71,468577
2022-04-04 15:55:00,314.67,315.11,314.3,315.07,988841
2022-04-04 16:00:00,314.97,315.13,314.97,315.0,4101152
2022-04-04 16:05:00,314.97,315.0,314.97,315.0,7868
2022-04-04 16:10:00,315.0,315.08,314.97,314.97,50742
2022-04-04 16:15:00,315.09,315.1958,315.09,315.1958,1551
2022-04-04 16:20:00,315.2,315.49,315.1808,315.35,5532
2022-04-04 16:25:00,315.35,315.42,315.34,315.37,2127
2022-04-04 16:30:00,314.97,315.47,314.97,315.47,28094
2022-04-04 16:35:00,314.97,315.46,314.97,315.44,2333
2022-04-04 16:40:00,315.42,315.44,315.4,315.4,3341
2022-04-04 16:45:00,315.41,315.44,315.4,315.4,5531
2022-04-04 16:50:00,315.4,315.45,315.4,315.45,283
2022-04-04 16:55:00,315.3,315.32,315.25,315.25,981
2022-04-04 17:00:00,315.32,315.45,315.22,315.22,2224
2022-04-04 17:05:00,315.25,315.25,315.22,315.22,441
2022-04-04 17:20:00,315.3388,315.3388,315.2257,315.2257,450
2022-04-04 17:25:00,315.2282,315.2282,315.2282,315.2282,100
2022-04-04 17:35:00,315.24,315.24,315.2,315.2,698
2022-04-04 17:40:00,315.2,315.2,315.1,315.1001,1947
2022-04-04 17:50:00,315.1,315.2,315.1,315.2,766
2022-04-04 17:55:00,315.1501,315.1501,315.15,315.15,250
2022-04-04 18:00:00,315.15,315.15,315.15,315.15,100
2022-04-04 18:10:00,315.16,315.16,315.16,315.16,1300
2022-04-04 18:15:00,315.25,315.34,315.25,315.34,271
2022-04-04 18:20:00,315.17,315.17,315.17,315.17,415
2022-04-04 18:25:00,315.2,315.2,315.17,315.17,300
2022-04-04 18:30:00,315.17,315.25,315.16,315.25,8057
2022-04-04 18:35:00,315.15,315.16,315.15,315.16,7328
2022-04-04 18:40:00,315.1,315.1,315.1,315.1,391
2022-04-04 18:45:00,315.1,315.1,315.08,315.08,200
2022-04-04 18:50:00,315.08,315.08,315.08,315.08,295
2022-04-04 18:55:00,315.17,315.2,315.17,315.2,291
2022-04-04 19:00:00,315.19,315.19,315.19,315.19,110
2022-04-04 19:10:00,315.12,315.12,315.1,315.1,402
2022-04-04 19:15:00,315.02,315.02,315.02,315.02,100
2022-04-04 19:20:00,315.1,315.1,315.1,315.1,300
2022-04-04 19:25:00,315.18,315.2,315.18,315.2,326
2022-04-04 19:30:00,315.1001,315.1001,315.1001,315.1001,2793
2022-04-04 19:40:00,315.37,315.37,315.37,315.37,100
2022-04-04 19:45:00,315.29,315.29,315.18,315.18,3100
2022-04-04 19:50:00,315.18,315.1801,315.1,315.1,4306
2022-04-04 19:55:00,315.2,315.37,315.07,315.07,9888
2022-04-05 04:00:00,316.19,316.19,315.33,315.4,490
2022-04-05 04:05:00,315.4,315.4,315.4,315.4,126
2022-04-05 04:10:00,315.45,315.45,315.45,315.45,138
2022-04-05 04:15:00,315.45,315.45,315.45,315.45,200
2022-04-05 04:25:00,315.43,315.43,315.1,315.17,719
2022-04-05 04:30:00,315.1,315.17,315.06,315.17,1250
2022-04-05 04:40:00,315.3,315.3,315.3,315.3,417
2022-04-05 04:50:00,315.06,315.06,315.06,315.06,100
2022-04-05 04:55:00,315.04,315.04,315.04,315.04,300
2022-04-05 05:05:00,315.13,315.13,315.13,315.13,100
2022-04-05 05:15:00,315.1,315.11,315.1,315.1,400
2022-04-05 05:25:00,314.9,314.9,314.9,314.9,100
2022-04-05 05:30:00,314.95,314.95,314.75,314.75,851
2022-04-05 05:35:00,314.88,314.9,314.7,314.7,714
2022-04-05 05:45:00,314.41,314.41,314.27,314.27,619
2022-04-05 05:55:00,314.37,314.37,314.37,314.37,100
2022-04-05 06:05:00,314.87,315.08,314.56,314.56,2017
2022-04-05 06:15:00,314.5,314.5,314.5,314.5,100
2022-04-05 06:20:00,314.35,314.35,314.35,314.35,100
2022-04-05 06:35:00,314.26,314.26,314.26,314.26,100
2022-04-05 06:40:00,314.26,314.26,314.03,314.03,1000
2022-04-05 06:45:00,314.25,314.25,314.25,314.25,100
2022-04-05 07:00:00,314.76,314.95,314.64,314.64,1784
2022-04-05 07:05:00,314.7,314.7,314.7,314.7,100
2022-04-05 07:15:00,314.52,314.52,314.52,314.52,100
2022-04-05 07:30:00,314.7,314.7,314.7,314.7,392
2022-04-05 07:35:00,314.69,314.9,314.69,314.9,755
2022-04-05 07:40:00,314.97,315.0,314.94,315.0,574
2022-04-05 07:45:00,315.01,315.01,314.9,314.9,2432
2022-04-05 07:50:00,314.77,314.77,314.69,314.69,592
2022-04-05 08:00:00,314.5001,315.5,314.34,314.91,4812
2022-04-05 08:10:00,314.7,314.79,314.55,314.55,2422
2022-04-05 08:15:00,314.45,314.45,314.25,314.36,2014
2022-04-05 08:20:00,314.41,314.69,314.27,314.27,2085
2022-04-05 08:25:00,314.27,314.52,314.21,314.52,8803
2022-04-05 08:35:00,314.3,314.3,314.22,314.22,960
2022-04-05 08:40:00,314.3,314.3001,314.3,314.3001,499
2022-04-05 08:45:00,314.3,314.3,314.21,314.21,940
2022-04-05 08:50:00,314.27,314.27,314.21,314.21,850
2022-04-05 08:55:00,314.07,314.07,313.8,313.98,2055
2022-04-05 09:00:00,313.94,314.1,313.93,314.1,616
2022-04-05 09:05:00,314.09,314.17,314.08,314.17,320
2022-04-05 09:10:00,314.05,314.1,314.0,314.0,2036
2022-04-05 09:15:00,314.08,314.18,314.08,314.18,544
2022-04-05 09:20:00,314.13,314.13,314.02,314.02,16055
2022-04-05 09:25:00,313.8,313.88,312.09,313.25,38507
2022-04-05 09:30:00,313.27,314.865,313.2,313.84,864131
2022-04-05 09:35:00,313.84,314.7,313.2,313.829,290557
2022-04-05 09:40:00,313.85,314.09,313.25,313.45,281060
2022-04-05 09:45:00,313.49,314.19,313.41,313.8,235218
2022-04-05 09:50:00,313.86,313.92,312.85,313.1835,247891
2022-04-05 09:55:00,313.19,313.39,312.84,313.08,192170
2022-04-05 10:00:00,313.06,314.17,312.77,313.7,242844
2022-04-05 10:05:00,313.7,313.76,312.02,312.07,300887
2022-04-05 10:10:00,312.09,312.8,312.01,312.78,209692
2022-04-05 10:15:00,312.78,312.78,312.05,312.07,219095
2022-04-05 10:20:00,312.09,312.52,311.78,312.47,213381
2022-04-05 10:25:00,312.44,312.74,312.1,312.38,152812
2022-04-05 10:30:00,312.386,312.67,312.11,312.26,138866
2022-04-05 10:35:00,312.315,312.74,311.7578,311.845,170818
2022-04-05 10:40:00,311.8435,312.195,311.7,312.01,122437
2022-04-05 10:45:00,312.005,312.3241,311.79,312.153,128334
2022-04-05 10:50:00,312.2,313.4123,312.04,313.38,221962
2022-04-05 10:55:00,313.36,313.4317,312.71,313.0,185941
2022-04-05 11:00:00,312.992,313.08,312.56,312.97,126770
2022-04-05 11:05:00,312.975,313.19,312.33,312.5,155353
2022-04-05 11:10:00,312.51,312.98,312.2,312.77,172144
2022-04-05 11:15:00,312.78,312.8399,311.82,312.18,174171
2022-04-05 11:20:00,312.17,312.48,312.13,312.32,121217
2022-04-05 11:25:00,312.31,312.58,312.0,312.48,131031
2022-04-05 11:30:00,312.47,312.64,312.21,312.565,144974
2022-04-05 11:35:00,312.55,312.62,311.6,311.8,154658
2022-04-05 11:40:00,311.83,312.12,311.81,311.89,128434
2022-04-05 11:45:00,311.8534,311.91,311.55,311.84,126051
2022-04-05 11:50:00,311.84,312.1,311.79,312.035,125684
2022-04-05 11:55:00,312.0276,312.1,311.77,311.87,77488
2022-04-05 12:00:00,311.89,312.12,311.64,312.08,103193
2022-04-05 12:05:00,312.091,312.1723,311.84,311.95,124472
2022-04-05 12:10:00,311.97,312.17,311.82,312.0,140739
2022-04-05 12:15:00,311.97,311.98,311.31,311.45,112674
2022-04-05 12:20:00,311.48,311.6,311.02,311.1311,152392
2022-04-05 12:25:00,311.09,311.09,310.56,310.67,218433
2022-04-05 12:30:00,310.67,310.98,310.6,310.765,119087
2022-04-05 12:35:00,310.74,311.14,310.6,311.0006,154634
2022-04-05 12:40:00,310.99,311.36,310.98,311.205,85242
2022-04-05 12:45:00,311.22,311.79,311.205,311.7481,103910
2022-04-05 12:50:00,311.77,311.84,311.54,311.83,75362
2022-04-05 12:55:00,311.85,311.99,311.66,311.78,119611
2022-04-05 13:00:00,311.79,311.93,311.585,311.775,78536
2022-04-05 13:05:00,311.75,312.32,311.63,312.2694,146611
2022-04-05 13:10:00,312.3,312.56,312.16,312.5,138032
2022-04-05 13:15:00,312.49,312.74,312.24,312.675,153453
2022-04-05 13:20:00,312.69,312.69,312.36,312.55,77084
2022-04-05 13:25:00,312.5284,312.6,312.23,312.42,77654
2022-04-05 13:30:00,312.43,312.4763,312.06,312.24,91128
2022-04-05 13:35:00,312.251,312.251,312.02,312.09,72464
2022-04-05 13:40:00,312.06,312.09,311.68,311.68,109673
2022-04-05 13:45:00,311.6845,311.84,311.39,311.45,94739
2022-04-05 13:50:00,311.44,311.52,311.06,311.2,117911
2022-04-05 13:55:00,311.22,311.64,311.125,311.55,108153
2022-04-05 14:00:00,311.545,311.6896,311.39,311.4699,56108
2022-04-05 14:05:00,311.46,311.67,311.4,311.475,92866
2022-04-05 14:10:00,311.49,311.8,311.31,311.77,123805
2022-04-05 14:15:00,311.79,312.3,311.68,312.3,153644
2022-04-05 14:20:00,312.3,312.41,311.97,312.17,116684
2022-04-05 14:25:00,312.16,312.46,311.98,312.11,110626
2022-04-05 14:30:00,312.06,312.34,311.96,312.05,110793
2022-04-05 14:35:00,312.03,312.46,311.86,311.94,128663
2022-04-05 14:40:00,311.92,312.47,311.83,312.375,109132
2022-04-05 14:45:00,312.36,312.55,312.05,312.25,101451
2022-04-05 14:50:00,312.25,312.42,312.03,312.11,80685
2022-04-05 14:55:00,312.12,312.365,311.785,311.905,98989
2022-04-05 15:00:00,311.91,312.17,311.52,311.56,149473
2022-04-05 15:05:00,311.6,311.65,311.22,311.31,214408
2022-04-05 15:10:00,311.2993,311.35,310.67,310.8,371424
2022-04-05 15:15:00,310.8,310.97,310.66,310.76,165748
2022-04-05 15:20:00,310.75,311.33,310.67,311.32,192065
2022-04-05 15:25:00,311.3282,311.355,310.8,310.94,207344
2022-04-05 15:30:00,310.92,310.92,310.29,310.36,217884
2022-04-05 15:35:00,310.36,310.68,310.16,310.38,184432
2022-04-05 15:40:00,310.39,310.8,310.22,310.71,232731
2022-04-05 15:45:00,310.72,310.82,310.1,310.19,323143
2022-04-05 15:50:00,310.19,311.165,309.93,310.78,576704
2022-04-05 15:55:00,310.85,311.2,309.87,311.01,1179265
2022-04-05 16:00:00,311.01,311.25,310.85,311.25,3513758
2022-04-05 16:05:00,311.14,311.25,310.88,311.05,17451
2022-04-05 16:10:00,310.92,311.1,310.88,311.1,35696
2022-04-05 16:15:00,311.1,311.1,311.0,311.0,1819
2022-04-05 16:20:00,311.0033,311.03,311.0,311.03,1059
2022-04-05 16:25:00,311.0,311.0,310.9001,310.9001,1113
2022-04-05 16:30:00,310.9499,310.95,310.91,310.91,511
2022-04-05 16:35:00,311.08,311.2001,311.02,311.2,7048
2022-04-05 16:40:00,311.25,311.25,310.88,310.88,14414
2022-04-05 16:45:00,311.25,311.3,311.25,311.3,230
2022-04-05 16:50:00,311.3,311.35,311.2999,311.35,4775
2022-04-05 16:55:00,311.35,311.47,311.3,311.4,2582
2022-04-05 17:00:00,311.4,311.4,311.2784,311.31,1521
2022-04-05 17:05:00,311.23,311.23,311.16,311.16,536
2022-04-05 17:15:00,311.1859,311.1859,311.1859,311.1859,100
2022-04-05 17:20:00,311.16,311.16,311.05,311.05,799
2022-04-05 17:25:00,311.01,311.1,311.01,311.1,400
2022-04-05 17:35:00,311.2,311.25,311.2,311.25,830
2022-04-05 17:40:00,311.21,311.21,311.21,311.21,574
2022-04-05 17:45:00,311.16,311.2,311.16,311.2,500
2022-04-05 17:55:00,311.16,311.16,311.16,311.16,309
2022-04-05 18:00:00,311.35,311.35,311.25,311.2501,2765
2022-04-05 18:05:00,311.08,311.08,311.01,311.01,3200
2022-04-05 18:10:00,311.01,311.01,310.9,310.9,853
2022-04-05 18:15:00,310.92,311.01,310.9,311.01,4393
2022-04-05 18:20:00,311.0,311.0,310.9,310.99,1262
2022-04-05 18:25:00,310.88,310.88,310.81,310.88,2353
2022-04-05 18:30:00,310.88,310.89,310.73,310.73,1824
2022-04-05 18:35:00,310.85,310.9,310.85,310.9,712
2022-04-05 18:40:00,310.9,311.4,310.9,311.18,758
2022-04-05 18:45:00,311.0,311.0,311.0,311.0,167
2022-04-05 18:50:00,311.15,311.16,311.01,311.01,304
2022-04-05 19:00:00,311.05,311.05,311.04,311.04,322
2022-04-05 19:05:00,311.04,311.04,311.04,311.04,154
2022-04-05 19:10:00,310.9,310.91,310.9,310.9001,831
2022-04-05 19:20:00,310.91,310.91,310.91,310.91,200
2022-04-05 19:25:00,310.9,310.9,310.9,310.9,335
2022-04-05 19:30:00,310.9,310.9,310.9,310.9,125
2022-04-05 19:35:00,310.8,310.94,310.75,310.75,751
2022-04-05 19:40:00,311.13,311.33,311.13,311.28,764
2022-04-05 19:55:00,311.0,311.01,311.0,311.0,1898
2022-04-06 04:00:00,308.53,309.0,308.53,308.65,457
2022-04-06 04:05:00,308.43,308.63,308.21,308.63,510
2022-04-06 04:10:00,308.58,308.58,308.04,308.04,1358
2022-04-06 04:15:00,308.25,308.39,308.0,308.0,949
2022-04-06 04:20:00,307.72,307.76,307.72,307.76,201
2022-04-06 04:30:00,308.2,308.2,308.2,308.2,112
2022-04-06 04:45:00,307.8,308.5,307.8,308.5,559
2022-04-06 04:50:00,308.62,308.62,308.5,308.5,400
2022-04-06 04:55:00,308.31,308.31,308.31,308.31,100
2022-04-06 05:00:00,308.45,308.5,308.45,308.5,619
2022-04-06 05:15:00,308.0,308.06,308.0,308.06,680
2022-04-06 05:35:00,307.53,307.8,307.53,307.8,310
2022-04-06 05:40:00,307.54,307.54,307.0,307.0,914
2022-04-06 05:45:00,307.27,307.27,306.95,306.95,800
2022-04-06 05:50:00,306.95,306.95,306.95,306.95,105
2022-04-06 05:55:00,307.49,307.49,307.49,307.49,500
2022-04-06 06:00:00,307.35,307.35,307.35,307.35,100
2022-04-06 06:05:00,307.46,307.46,307.46,307.46,100
2022-04-06 06:10:00,307.14,307.14,307.14,307.14,200
2022-04-06 06:15:00,306.63,306.63,306.4,306.5,1889
2022-04-06 06:20:00,306.27,306.47,306.25,306.47,2865
2022-04-06 06:25:00,306.51,306.87,306.51,306.87,822
2022-04-06 06:30:00,306.25,306.25,306.25,306.25,162
2022-04-06 06:35:00,306.21,306.21,306.21,306.21,127
2022-04-06 06:45:00,306.21,306.36,306.21,306.36,250
2022-04-06 06:50:00,306.3,306.35,306.3,306.35,500
2022-04-06 06:55:00,306.12,306.24,306.12,306.24,397
2022-04-06 07:00:00,306.42,306.49,306.42,306.44,1885
2022-04-06 07:05:00,306.42,306.42,306.04,306.04,2880
2022-04-06 07:10:00,306.01,306.01,305.75,305.75,1306
2022-04-06 07:15:00,305.5,305.6,305.46,305.6,416
2022-04-06 07:20:00,305.59,305.59,305.34,305.38,1054
2022-04-06 07:25:00,305.15,305.15,305.11,305.11,676
2022-04-06 07:30:00,305.11,305.28,305.11,305.28,660
2022-04-06 07:35:00,305.4,305.4,305.03,305.24,4359
2022-04-06 07:40:00,305.26,305.26,305.0,305.05,2064
2022-04-06 07:45:00,305.2,305.2,304.82,304.89,3186
2022-04-06 07:50:00,304.77,304.81,304.51,304.51,2714
2022-04-06 07:55:00,304.78,304.78,304.51,304.53,991
2022-04-06 08:00:00,306.35,310.103,304.48,304.823,23311
2022-04-06 08:05:00,304.65,305.0,304.3449,305.0,4834
2022-04-06 08:10:00,304.91,304.91,304.4971,304.7373,6471
2022-04-06 08:15:00,304.7442,304.97,304.7311,304.831,3286
2022-04-06 08:20:00,304.91,305.0,304.8,305.0,2352
2022-04-06 08:25:00,305.0,305.2499,304.95,305.2499,2775
2022-04-06 08:30:00,305.13,305.14,304.9,304.9,2787
2022-04-06 08:35:00,304.95,305.01,304.7169,304.9,4291
2022-04-06 08:40:00,304.95,304.96,304.87,304.87,3668
2022-04-06 08:45:00,304.95,304.95,304.66,304.7299,4452
2022-04-06 08:50:00,304.66,304.98,304.66,304.98,6018
2022-04-06 08:55:00,304.88,305.098,304.8628,304.9,1952
2022-04-06 09:00:00,304.9,305.11,304.76,304.85,4686
2022-04-06 09:05:00,304.84,305.1499,304.82,304.9999,1387
2022-04-06 09:10:00,304.97,305.0,304.8,304.8,2925
2022-04-06 09:15:00,304.961,305.2,304.961,305.16,5054
2022-04-06 09:20:00,305.16,305.16,304.82,304.86,3276
2022-04-06 09:25:00,304.75,305.19,304.29,305.19,11064
2022-04-06 09:30:00,305.19,307.0,304.7,305.755,923657
2022-04-06 09:35:00,305.7,306.0,304.37,304.41,486430
2022-04-06 09:40:00,304.53,304.53,302.78,302.78,597321
2022-04-06 09:45:00,302.83,303.43,302.39,303.15,497481
2022-04-06 09:50:00,303.12,303.14,302.295,302.6065,401140
2022-04-06 09:55:00,302.6,303.57,302.275,302.99,452826
2022-04-06 10:00:00,303.03,303.2499,301.65,302.2487,471429
2022-04-06 10:05:00,302.23,303.0899,302.23,302.74,263513
2022-04-06 10:10:00,302.72,302.84,301.91,302.03,465897
2022-04-06 10:15:00,302.05,302.685,301.9061,302.34,510003
2022-04-06 10:20:00,302.34,302.64,302.03,302.08,316045
2022-04-06 10:25:00,302.11,302.175,301.48,301.513,279890
2022-04-06 10:30:00,301.55,301.85,301.31,301.63,306193
2022-04-06 10:35:00,301.66,301.92,301.2,301.7826,309884
2022-04-06 10:40:00,301.77,302.151,301.26,301.89,322814
2022-04-06 10:45:00,301.88,302.61,301.72,302.24,318272
2022-04-06 10:50:00,302.2514,302.5,301.66,301.73,197703
2022-04-06 10:55:00,301.73,301.9125,301.54,301.66,140478
2022-04-06 11:00:00,301.61,301.89,301.29,301.73,224291
2022-04-06 11:05:00,301.71,301.78,300.22,300.2691,340787
2022-04-06 11:10:00,300.24,300.52,299.9,300.21,377051
2022-04-06 11:15:00,300.22,300.48,299.91,300.13,298597
2022-04-06 11:20:00,300.11,300.9,299.99,300.53,297542
2022-04-06 11:25:00,300.5232,300.75,300.3464,300.57,189327
2022-04-06 11:30:00,300.6,300.67,300.08,300.2783,171534
2022-04-06 11:35:00,300.27,300.5,299.945,299.97,253427
2022-04-06 11:40:00,300.0,300.8,299.97,300.77,265856
2022-04-06 11:45:00,300.79,300.99,300.41,300.635,227852
2022-04-06 11:50:00,300.64,301.14,300.54,300.545,242920
2022-04-06 11:55:00,300.51,300.61,299.5,299.5767,321540
2022-04-06 12:00:00,299.58,300.06,299.55,299.7301,196249
2022-04-06 12:05:00,299.73,299.98,299.53,299.66,154389
2022-04-06 12:10:00,299.66,299.75,299.02,299.08,221838
2022-04-06 12:15:00,299.0506,299.09,298.65,298.77,263094
2022-04-06 12:20:00,298.78,298.78,298.36,298.601,178628
2022-04-06 12:25:00,298.595,298.64,298.01,298.15,215927
2022-04-06 12:30:00,298.14,298.62,298.02,298.32,200708
2022-04-06 12:35:00,298.3,298.43,298.05,298.16,138439
2022-04-06 12:40:00,298.135,298.34,298.02,298.2101,161706
2022-04-06 12:45:00,298.21,298.33,297.8,298.11,234275
2022-04-06 12:50:00,298.11,298.27,297.9,298.18,175055
2022-04-06 12:55:00,298.18,298.28,297.92,297.95,178098
2022-04-06 13:00:00,297.95,298.06,297.33,297.3815,218802
2022-04-06 13:05:00,297.39,297.62,297.28,297.405,222933
2022-04-06 13:10:00,297.41,297.51,297.14,297.425,200804
2022-04-06 13:15:00,297.41,297.9567,297.32,297.656,281775
2022-04-06 13:20:00,297.64,298.02,297.55,297.98,188359
2022-04-06 13:25:00,297.97,298.25,297.875,298.25,228765
2022-04-06 13:30:00,298.25,298.8498,298.14,298.54,328852
2022-04-06 13:35:00,298.56,298.81,298.34,298.76,239523
2022-04-06 13:40:00,298.7756,299.44,298.66,299.15,326523
2022-04-06 13:45:00,299.14,299.67,298.898,299.64,328461
2022-04-06 13:50:00,299.63,299.64,299.1,299.3231,289382
2022-04-06 13:55:00,299.3299,299.38,298.92,299.03,193933
2022-04-06 14:00:00,299.03,301.27,298.52,300.27,677697
2022-04-06 14:05:00,300.31,300.31,298.08,298.19,419502
2022-04-06 14:10:00,298.17,298.6,297.71,297.84,258536
2022-04-06 14:15:00,297.73,297.73,296.71,296.93,321266
2022-04-06 14:20:00,296.88,297.71,296.75,297.515,247820
2022-04-06 14:25:00,297.54,298.3,297.37,297.735,238762
2022-04-06 14:30:00,297.7,300.31,297.69,300.06,327623
2022-04-06 14:35:00,300.08,300.53,299.28,299.6084,242053
2022-04-06 14:40:00,299.64,300.34,299.15,300.01,254764
2022-04-06 14:45:00,299.84,300.56,299.28,299.58,251459
2022-04-06 14:50:00,299.65,300.52,299.56,300.31,217176
2022-04-06 14:55:00,300.34,301.89,300.28,301.875,446580
2022-04-06 15:00:00,301.885,302.93,301.87,302.42,476992
2022-04-06 15:05:00,302.39,302.39,301.19,301.37,296856
2022-04-06 15:10:00,301.415,301.89,301.045,301.54,247142
2022-04-06 15:15:00,301.55,302.05,300.55,300.55,290124
2022-04-06 15:20:00,300.515,300.66,299.58,299.7,273934
2022-04-06 15:25:00,299.72,299.74,298.87,299.06,258707
2022-04-06 15:30:00,299.02,299.7,298.733,298.94,297571
2022-04-06 15:35:00,298.94,300.02,298.87,299.9,363034
2022-04-06 15:40:00,299.85,300.31,299.42,300.1,312211
2022-04-06 15:45:00,300.02,301.24,299.891,300.83,518616
2022-04-06 15:50:00,300.79,301.225,299.43,299.5546,636135
2022-04-06 15:55:00,299.54,300.17,298.93,299.4,1294696
2022-04-06 16:00:00,299.5,299.5,299.08,299.3,4825125
2022-04-06 16:05:00,299.2,299.5,299.2,299.3,89917
2022-04-06 16:10:00,299.36,299.38,299.3,299.3118,2904
2022-04-06 16:15:00,299.3,299.3,299.0,299.0001,6138
2022-04-06 16:20:00,299.2,299.5,298.91,299.28,33396
2022-04-06 16:25:00,299.1,299.35,299.1,299.35,2654
2022-04-06 16:30:00,299.25,299.33,299.0,299.33,2282
2022-04-06 16:35:00,299.1,299.1,298.86,298.86,1787
2022-04-06 16:40:00,298.9,299.1,298.83,299.1,3255
2022-04-06 16:45:00,298.9,299.15,298.9,299.15,618
2022-04-06 16:50:00,299.25,299.25,299.0,299.0,615
2022-04-06 16:55:00,299.24,299.35,299.15,299.35,4900
2022-04-06 17:00:00,299.16,299.35,299.13,299.35,1430
2022-04-06 17:10:00,299.3,299.3494,299.25,299.3494,1678
2022-04-06 17:15:00,299.3479,299.3479,299.3,299.3,300
2022-04-06 17:20:00,299.35,299.35,299.35,299.35,103
2022-04-06 17:25:00,299.3895,299.39,299.3895,299.39,1600
2022-04-06 17:30:00,299.26,299.35,299.26,299.27,845
2022-04-06 17:35:00,299.2537,299.2537,299.25,299.25,393
2022-04-06 17:50:00,299.3894,299.39,299.35,299.35,485
2022-04-06 17:55:00,299.36,299.39,299.36,299.38,995
2022-04-06 18:00:00,299.35,299.5,299.32,299.5,3690
2022-04-06 18:05:00,299.5,299.5,299.35,299.5,3283
2022-04-06 18:10:00,299.5,299.5,299.49,299.5,4043
2022-04-06 18:15:00,299.66,299.66,299.66,299.66,330
2022-04-06 18:20:00,299.64,299.68,299.52,299.52,3123
2022-04-06 18:25:00,299.52,299.52,299.42,299.45,597
2022-04-06 18:30:00,299.42,299.45,299.42,299.45,1079
2022-04-06 18:35:00,299.45,299.5,299.44,299.45,2555
2022-04-06 18:40:00,299.45,299.45,299.25,299.35,1545
2022-04-06 18:45:00,299.3,299.3,299.3,299.3,2536
2022-04-06 18:50:00,299.3,299.35,299.27,299.27,1699
2022-04-06 18:55:00,299.2,299.2,299.19,299.2,3832
2022-04-06 19:00:00,299.2,299.2,299.06,299.06,573
2022-04-06 19:05:00,299.0,299.0,299.0,299.0,400
2022-04-06 19:10:00,299.05,299.17,299.03,299.17,2523
2022-04-06 19:20:00,299.2,299.2,299.2,299.2,100
2022-04-06 19:25:00,299.02,299.02,299.02,299.02,100
2022-04-06 19:30:00,299.05,299.05,298.86,298.86,1785
2022-04-06 19:35:00,298.62,298.68,298.29,298.5,3957
2022-04-06 19:40:00,298.47,298.5,298.2,298.35,3024
2022-04-06 19:45:00,298.35,298.7499,298.2,298.31,4971
2022-04-06 19:50:00,298.5,298.5,298.2,298.2,753
2022-04-06 19:55:00,298.14,298.14,297.65,297.8,2288
2022-04-07 04:00:00,299.42,299.7,299.42,299.7,1145
2022-04-07 04:05:00,299.89,299.9,299.89,299.9,300
2022-04-07 04:10:00,300.15,300.15,299.99,299.99,200
2022-04-07 04:15:00,300.13,300.13,300.13,300.13,440
2022-04-07 04:20:00,300.2,300.2,300.12,300.12,420
2022-04-07 04:25:00,300.27,300.27,300.1,300.1,520
2022-04-07 04:35:00,299.8,299.8,299.69,299.69,300
2022-04-07 04:50:00,300.04,300.4,300.04,300.4,200
2022-04-07 04:55:00,300.22,300.5,300.22,300.5,1765
2022-04-07 05:00:00,300.7,300.7,300.7,300.7,1630
2022-04-07 05:35:00,300.34,300.34,300.32,300.32,351
2022-04-07 05:40:00,300.59,300.75,300.41,300.75,684
2022-04-07 05:55:00,300.69,300.69,300.65,300.65,314
2022-04-07 06:00:00,300.65,300.65,300.65,300.65,963
2022-04-07 06:05:00,300.57,300.57,300.51,300.51,3804
2022-04-07 06:10:00,300.56,300.6,300.51,300.6,1335
2022-04-07 06:15:00,300.6,300.76,300.6,300.6,1503
2022-04-07 06:20:00,300.63,300.63,300.62,300.62,285
2022-04-07 06:25:00,300.6,300.6,300.6,300.6,279
2022-04-07 06:30:00,300.5,300.5,300.3,300.3,666
2022-04-07 06:35:00,300.3,300.48,300.3,300.48,307
2022-04-07 06:40:00,300.47,300.47,300.21,300.21,200
2022-04-07 06:55:00,300.3,300.3,299.91,299.91,736
2022-04-07 07:00:00,300.0,300.0,299.49,299.5,1966
2022-04-07 07:05:00,299.5,300.75,299.48,300.3,8147
2022-04-07 07:10:00,300.0,300.28,300.0,300.2,600
2022-04-07 07:15:00,300.37,300.37,300.2,300.2,666
2022-04-07 07:20:00,300.0,300.11,299.81,299.81,827
2022-04-07 07:25:00,299.75,299.89,299.65,299.89,725
2022-04-07 07:30:00,299.45,299.45,299.45,299.45,375
2022-04-07 07:35:00,299.69,299.69,299.52,299.67,651
2022-04-07 07:40:00,299.5,299.64,299.5,299.64,460
2022-04-07 07:45:00,299.75,299.75,299.63,299.63,639
2022-04-07 07:50:00,299.8,299.8,299.8,299.8,100
2022-04-07 07:55:00,299.85,299.99,299.85,299.98,1148
2022-04-07 08:00:00,300.0,300.8876,298.752,299.7,20309
2022-04-07 08:05:00,299.61,299.67,299.32,299.32,1300
2022-04-07 08:10:00,299.3,299.3,299.05,299.05,1586
2022-04-07 08:15:00,299.0,299.02,298.9,299.01,979
2022-04-07 08:20:00,299.01,299.13,298.75,299.13,2919
2022-04-07 08:25:00,298.5,299.0,298.5,299.0,948
2022-04-07 08:30:00,299.18,299.18,298.8325,299.15,667
2022-04-07 08:35:00,298.94,298.94,298.82,298.82,1200
2022-04-07 08:40:00,298.9945,299.17,298.9945,299.0,1306
2022-04-07 08:45:00,298.98,298.98,298.8,298.8,789
2022-04-07 08:50:00,298.7,298.78,298.2,298.2,1925
2022-04-07 08:55:00,298.03,298.06,297.75,298.06,3225
2022-04-07 09:00:00,298.01,298.22,297.5,297.6,2760
2022-04-07 09:05:00,297.5,297.98,297.0,297.98,5180
2022-04-07 09:10:00,297.42,297.74,297.39,297.5345,2198
2022-04-07 09:15:00,297.77,297.77,297.44,297.64,1270
2022-04-07 09:20:00,297.78,297.78,297.61,297.61,418
2022-04-07 09:25:00,297.58,297.58,296.1,296.67,35494
2022-04-07 09:30:00,296.66,299.65,296.35,299.5406,905764
2022-04-07 09:35:00,299.54,301.0693,299.14,300.985,496919
2022-04-07 09:40:00,301.06,301.71,299.8666,300.062,605640
2022-04-07 09:45:00,300.09,300.41,299.26,299.42,387600
2022-04-07 09:50:00,299.34,301.21,299.32,300.975,368169
2022-04-07 09:55:00,300.96,301.71,300.62,301.39,314858
2022-04-07 10:00:00,301.36,302.64,301.04,301.4594,577428
2022-04-07 10:05:00,301.42,301.655,300.61,300.83,300405
2022-04-07 10:10:00,300.85,302.152,300.78,301.98,320931
2022-04-07 10:15:00,301.95,302.03,301.11,301.4709,187014
2022-04-07 10:20:00,301.44,301.93,301.07,301.925,199026
2022-04-07 10:25:00,301.91,302.43,301.72,301.8901,375713
2022-04-07 10:30:00,301.89,302.39,301.3,301.8,293987
2022-04-07 10:35:00,301.83,302.52,300.91,300.995,380402
2022-04-07 10:40:00,300.99,300.99,299.9359,300.59,398869
2022-04-07 10:45:00,300.64,301.11,300.51,300.9757,270507
2022-04-07 10:50:00,300.9915,302.04,300.96,301.7673,247508
2022-04-07 10:55:00,301.78,302.01,301.29,301.57,168245
2022-04-07 11:00:00,301.5666,302.33,301.495,302.01,208216
2022-04-07 11:05:00,301.99,302.28,301.61,301.8,244155
2022-04-07 11:10:00,301.8,301.8324,301.26,301.56,186796
2022-04-07 11:15:00,301.5899,301.5899,300.62,300.65,227589
2022-04-07 11:20:00,300.6,301.315,300.54,301.19,176455
2022-04-07 11:25:00,301.19,301.43,300.05,300.6,194733
2022-04-07 11:30:00,300.605,300.655,299.72,299.83,218650
2022-04-07 11:35:00,299.86,300.17,299.75,299.87,231800
2022-04-07 11:40:00,299.89,300.01,299.45,299.67,224247
2022-04-07 11:45:00,299.66,300.36,299.65,299.69,241017
2022-04-07 11:50:00,299.71,299.78,298.87,298.95,168384
2022-04-07 11:55:00,298.98,299.2,298.83,299.19,183538
2022-04-07 12:00:00,299.17,299.58,299.06,299.33,184572
2022-04-07 12:05:00,299.34,299.935,299.32,299.9,161977
2022-04-07 12:10:00,299.91,300.31,299.74,300.16,216118
2022-04-07 12:15:00,300.17,300.24,299.75,299.87,216146
2022-04-07 12:20:00,299.86,300.28,299.82,300.06,142513
2022-04-07 12:25:00,300.06,300.11,299.48,299.79,142802
2022-04-07 12:30:00,299.78,300.26,299.6711,299.8,143298
2022-04-07 12:35:00,299.79,300.13,299.62,299.6693,120995
2022-04-07 12:40:00,299.66,299.85,299.23,299.25,129835
2022-04-07 12:45:00,299.24,299.38,298.75,298.76,199840
2022-04-07 12:50:00,298.76,299.35,298.65,299.07,210272
2022-04-07 12:55:00,299.05,299.53,299.0,299.29,167094
2022-04-07 13:00:00,299.28,300.0,299.2,299.7293,134619
2022-04-07 13:05:00,299.72,300.06,299.62,300.0415,106438
2022-04-07 13:10:00,300.04,300.9,299.97,300.4401,210474
2022-04-07 13:15:00,300.465,300.72,300.32,300.54,225545
2022-04-07 13:20:00,300.54,300.79,300.24,300.27,131610
2022-04-07 13:25:00,300.29,300.77,299.99,300.52,162091
2022-04-07 13:30:00,300.5,300.7,300.265,300.46,133419
2022-04-07 13:35:00,300.49,300.75,300.17,300.28,157923
2022-04-07 13:40:00,300.27,300.65,300.14,300.48,252638
2022-04-07 13:45:00,300.45,300.7,299.95,300.02,296695
2022-04-07 13:50:00,300.02,300.57,299.955,300.45,126677
2022-04-07 13:55:00,300.43,301.3,300.35,301.1,285553
2022-04-07 14:00:00,301.1,301.31,300.87,301.005,183146
2022-04-07 14:05:00,301.009,301.215,300.5948,301.18,174441
2022-04-07 14:10:00,301.17,301.2086,300.82,300.94,108510
2022-04-07 14:15:00,300.935,301.02,300.361,300.47,121175
2022-04-07 14:20:00,300.465,301.01,300.465,300.9061,134404
2022-04-07 14:25:00,300.91,301.31,300.38,300.47,237233
2022-04-07 14:30:00,300.465,300.6,300.18,300.4,147661
2022-04-07 14:35:00,300.405,300.77,300.17,300.66,99107
2022-04-07 14:40:00,300.65,300.9181,300.4,300.9,105704
2022-04-07 14:45:00,300.9,301.5,300.48,301.07,167510
2022-04-07 14:50:00,301.03,301.74,300.99,301.51,178847
2022-04-07 14:55:00,301.55,302.47,301.53,302.32,227052
2022-04-07 15:00:00,302.29,303.06,302.24,302.69,270638
2022-04-07 15:05:00,302.66,303.15,302.54,303.01,239623
2022-04-07 15:10:00,303.02,303.49,302.95,303.43,193280
2022-04-07 15:15:00,303.44,303.65,303.0,303.13,236058
2022-04-07 15:20:00,303.13,303.13,302.54,302.775,229967
2022-04-07 15:25:00,302.8,303.04,302.45,302.59,178123
2022-04-07 15:30:00,302.62,303.22,302.48,303.1718,209803
2022-04-07 15:35:00,303.2063,303.25,302.91,303.21,253724
2022-04-07 15:40:00,303.22,303.58,302.77,303.08,230170
2022-04-07 15:45:00,303.08,303.4,302.39,302.6,312130
2022-04-07 15:50:00,302.54,302.94,301.68,301.86,581577
2022-04-07 15:55:00,301.85,301.85,300.91,301.5,1268955
2022-04-07 16:00:00,301.37,301.88,301.0,301.5001,3241925
2022-04-07 16:05:00,301.36,301.62,301.3,301.47,19486
2022-04-07 16:10:00,301.4843,301.62,301.4843,301.6,1098
2022-04-07 16:15:00,301.46,301.53,301.3147,301.4,4123
2022-04-07 16:20:00,301.37,301.49,301.3,301.32,18506
2022-04-07 16:25:00,301.15,301.15,300.98,301.14,994
2022-04-07 16:30:00,300.845,301.02,300.845,301.02,200
2022-04-07 16:40:00,301.37,301.37,301.0,301.0,2237
2022-04-07 16:50:00,301.28,301.28,301.28,301.28,100
2022-04-07 17:00:00,301.17,301.17,301.17,301.17,200
2022-04-07 17:05:00,301.11,301.11,301.11,301.11,292
2022-04-07 17:10:00,301.09,301.09,301.02,301.09,700
2022-04-07 17:15:00,301.11,301.12,301.09,301.09,1101
2022-04-07 17:30:00,301.16,301.16,301.12,301.12,1494
2022-04-07 17:35:00,301.1784,301.18,301.1784,301.18,900
2022-04-07 17:40:00,301.0907,301.2,301.0907,301.2,645
2022-04-07 17:45:00,301.2,301.21,301.2,301.21,944
2022-04-07 18:00:00,301.1,301.1,301.1,301.1,1000
2022-04-07 18:10:00,301.3,301.3,301.3,301.3,2200
2022-04-07 18:15:00,301.37,301.37,301.37,301.37,327
2022-04-07 18:30:00,301.37,301.37,301.37,301.37,263
2022-04-07 18:35:00,301.44,301.44,301.13,301.13,850
2022-04-07 18:45:00,301.4,301.4,301.15,301.2,2102
2022-04-07 18:55:00,301.3,301.3,301.3,301.3,129
2022-04-07 19:00:00,301.3,301.3,301.25,301.25,599
2022-04-07 19:05:00,301.23,301.23,301.12,301.12,803
2022-04-07 19:10:00,301.38,301.39,301.25,301.38,1268
2022-04-07 19:15:00,301.49,301.49,301.49,301.49,500
2022-04-07 19:20:00,301.36,301.49,301.36,301.42,403
2022-04-07 19:25:00,301.48,301.48,301.48,301.48,800
2022-04-07 19:30:00,301.59,301.59,301.59,301.59,100
2022-04-07 19:35:00,301.59,301.59,301.59,301.59,100
2022-04-07 19:40:00,301.31,301.5,301.3,301.5,1517
2022-04-07 19:45:00,301.4499,301.49,301.43,301.49,355
2022-04-07 19:50:00,301.49,301.59,301.49,301.59,273
2022-04-07 19:55:00,301.84,302.3,301.84,302.3,5186
2022-04-08 04:00:00,302.62,302.62,302.62,302.62,577
2022-04-08 04:15:00,303.0,303.0,302.8,302.8,709
2022-04-08 04:25:00,303.03,303.03,303.03,303.03,500
2022-04-08 04:35:00,302.95,303.02,302.95,303.02,396
2022-04-08 04:40:00,302.85,302.85,302.82,302.82,310
2022-04-08 04:45:00,302.65,302.65,302.6,302.6,431
2022-04-08 04:50:00,302.7,302.7,302.5,302.5,228
2022-04-08 04:55:00,302.48,302.48,302.48,302.48,100
2022-04-08 05:00:00,301.51,301.71,301.37,301.37,918
2022-04-08 05:05:00,301.89,302.0,301.89,302.0,300
2022-04-08 05:10:00,301.69,301.69,301.69,301.69,100
2022-04-08 05:25:00,302.28,302.28,302.28,302.28,352
2022-04-08 05:55:00,301.72,301.72,301.72,301.72,100
2022-04-08 06:10:00,301.55,301.55,301.55,301.55,305
2022-04-08 06:15:00,301.61,301.61,301.45,301.45,944
2022-04-08 06:20:00,301.41,301.41,301.41,301.41,348
2022-04-08 06:50:00,301.99,302.27,301.99,302.27,589
2022-04-08 07:00:00,302.3,302.6,302.3,302.5,2338
2022-04-08 07:05:00,302.4,302.5,302.08,302.5,2155
2022-04-08 07:10:00,302.25,302.25,302.25,302.25,486
2022-04-08 07:15:00,302.1,302.1,302.01,302.01,631
2022-04-08 07:25:00,302.2,302.21,301.97,301.99,2524
2022-04-08 07:30:00,301.82,301.82,301.63,301.63,1300
2022-04-08 07:35:00,302.34,302.39,302.34,302.39,200
2022-04-08 07:40:00,302.43,302.53,302.35,302.51,1617
2022-04-08 07:45:00,302.5,302.7,302.46,302.7,1977
2022-04-08 07:50:00,302.6,302.67,302.5,302.5,1118
2022-04-08 07:55:00,302.22,302.22,302.2,302.2,401
2022-04-08 08:00:00,302.4,302.6,301.98,302.478,8568
2022-04-08 08:05:00,302.17,302.17,302.05,302.05,450
2022-04-08 08:10:00,302.03,302.04,301.97,301.97,1100
2022-04-08 08:15:00,302.0,302.0,301.83,301.83,201
2022-04-08 08:20:00,301.7266,301.81,301.7266,301.76,870
2022-04-08 08:25:00,301.9,301.9,301.9,301.9,200
2022-04-08 08:35:00,301.38,301.38,301.3,301.3,700
2022-04-08 08:40:00,301.16,301.16,300.69,300.69,1104
2022-04-08 08:45:00,300.98,300.98,300.71,300.71,200
2022-04-08 08:50:00,300.59,300.75,300.59,300.75,724
2022-04-08 08:55:00,300.7,300.7,300.5342,300.5342,1665
2022-04-08 09:00:00,300.17,300.17,299.95,300.0506,1513
2022-04-08 09:05:00,300.17,300.17,299.91,299.91,951
2022-04-08 09:10:00,299.73,300.0,299.7,299.7199,2508
2022-04-08 09:15:00,300.25,300.3,300.24,300.3,609
2022-04-08 09:20:00,300.24,300.24,300.06,300.06,300
2022-04-08 09:25:00,300.0,300.79,299.8,300.45,4908
2022-04-08 09:30:00,300.44,300.6349,298.77,299.27,629313
2022-04-08 09:35:00,299.32,299.32,298.06,298.35,326715
2022-04-08 09:40:00,298.31,298.545,297.51,297.5101,313924
2022-04-08 09:45:00,297.56,298.5871,297.0,298.1084,256134
2022-04-08 09:50:00,298.09,298.33,297.06,297.44,300280
2022-04-08 09:55:00,297.43,297.5899,296.76,296.8601,263010
2022-04-08 10:00:00,296.86,297.94,296.78,297.86,232550
2022-04-08 10:05:00,297.87,298.47,297.37,298.11,178930
2022-04-08 10:10:00,298.12,298.19,297.5,298.03,156721
2022-04-08 10:15:00,298.04,298.07,297.17,297.62,158379
2022-04-08 10:20:00,297.67,298.23,297.66,298.0,128527
2022-04-08 10:25:00,298.02,298.6794,297.92,298.55,176255
2022-04-08 10:30:00,298.55,299.39,298.47,298.99,230002
2022-04-08 10:35:00,298.9685,299.12,298.51,298.82,132873
2022-04-08 10:40:00,298.815,299.04,298.375,298.45,147158
2022-04-08 10:45:00,298.42,298.69,297.7,297.92,205993
2022-04-08 10:50:00,297.88,299.64,297.79,299.285,216931
2022-04-08 10:55:00,299.23,300.19,299.14,300.164,154845
2022-04-08 11:00:00,300.13,300.642,299.76,300.33,225763
2022-04-08 11:05:00,300.29,300.585,300.055,300.32,165920
2022-04-08 11:10:00,300.32,300.63,300.14,300.29,224996
2022-04-08 11:15:00,300.3,300.33,299.6159,299.76,125876
2022-04-08 11:20:00,299.8,299.91,299.17,299.3501,124628
2022-04-08 11:25:00,299.37,299.62,299.21,299.58,70748
2022-04-08 11:30:00,299.585,300.1,299.55,299.88,120646
2022-04-08 11:35:00,299.795,299.86,299.11,299.79,113333
2022-04-08 11:40:00,299.8,300.18,299.66,299.94,86550
2022-04-08 11:45:00,299.92,300.7,299.72,300.155,142221
2022-04-08 11:50:00,300.1799,300.45,300.0196,300.06,85890
2022-04-08 11:55:00,300.05,300.49,299.86,300.35,95015
2022-04-08 12:00:00,300.35,300.84,300.15,300.32,117906
2022-04-08 12:05:00,300.29,300.47,300.02,300.07,83596
2022-04-08 12:10:00,300.07,300.63,299.8,300.16,105777
2022-04-08 12:15:00,300.17,300.8,299.85,300.75,145696
2022-04-08 12:20:00,300.705,301.12,300.6,300.8,148112
2022-04-08 12:25:00,300.75,301.08,300.68,301.025,132841
2022-04-08 12:30:00,301.01,301.0755,300.45,300.6609,107898
2022-04-08 12:35:00,300.69,300.7,300.41,300.6412,78089
2022-04-08 12:40:00,300.65,300.715,300.32,300.37,109576
2022-04-08 12:45:00,300.37,300.5868,300.16,300.2925,97020
2022-04-08 12:50:00,300.28,300.44,299.76,300.305,289296
2022-04-08 12:55:00,300.295,300.79,300.25,300.57,110290
2022-04-08 13:00:00,300.6,300.6025,300.13,300.46,67425
2022-04-08 13:05:00,300.43,300.4928,300.12,300.445,67291
2022-04-08 13:10:00,300.47,300.48,299.89,300.115,100673
2022-04-08 13:15:00,300.1,300.17,299.775,299.83,74761
2022-04-08 13:20:00,299.86,300.119,299.78,299.93,94170
2022-04-08 13:25:00,299.94,299.97,299.49,299.77,101119
2022-04-08 13:30:00,299.82,299.82,299.43,299.49,78474
2022-04-08 13:35:00,299.45,299.676,299.311,299.485,108940
2022-04-08 13:40:00,299.49,299.66,299.26,299.59,85067
2022-04-08 13:45:00,299.6,299.62,299.04,299.04,132378
2022-04-08 13:50:00,299.05,299.35,298.91,299.0973,124017
2022-04-08 13:55:00,299.09,299.205,298.83,298.84,71324
2022-04-08 14:00:00,298.8,299.13,298.41,298.62,146443
2022-04-08 14:05:00,298.63,298.78,298.54,298.58,81204
2022-04-08 14:10:00,298.59,298.93,298.5,298.78,90171
2022-04-08 14:15:00,298.76,298.82,298.325,298.52,138004
2022-04-08 14:20:00,298.51,298.855,298.14,298.175,133109
2022-04-08 14:25:00,298.16,298.16,297.15,297.5208,238848
2022-04-08 14:30:00,297.54,297.5999,297.02,297.05,143508
2022-04-08 14:35:00,297.05,297.5,296.78,297.4,275092
2022-04-08 14:40:00,297.38,297.62,297.28,297.35,331255
2022-04-08 14:45:00,297.34,298.05,297.3,298.05,139634
2022-04-08 14:50:00,298.04,298.66,297.97,298.5517,179011
2022-04-08 14:55:00,298.54,298.54,298.025,298.295,128891
2022-04-08 15:00:00,298.28,298.54,298.09,298.18,129712
2022-04-08 15:05:00,298.21,298.44,297.7,297.78,172596
2022-04-08 15:10:00,297.79,298.33,297.5,297.76,266279
2022-04-08 15:15:00,297.75,298.59,297.65,297.94,235342
2022-04-08 15:20:00,297.95,298.18,297.55,297.86,135178
2022-04-08 15:25:00,297.85,298.175,297.84,298.105,130513
2022-04-08 15:30:00,298.1,298.32,297.62,297.68,154525
2022-04-08 15:35:00,297.66,297.68,297.1,297.2001,192671
2022-04-08 15:40:00,297.2001,297.94,297.2001,297.94,317851
2022-04-08 15:45:00,297.94,298.21,297.03,297.03,332717
2022-04-08 15:50:00,297.04,297.41,296.36,296.79,527662
2022-04-08 15:55:00,296.76,297.24,296.28,297.0,1015126
2022-04-08 16:00:00,297.0,297.0,296.65,296.8,3418269
2022-04-08 16:05:00,296.9,297.08,296.8651,296.88,8295
2022-04-08 16:10:00,296.97,296.97,296.7,296.7,41658
2022-04-08 16:15:00,296.97,296.97,296.78,296.7866,11717
2022-04-08 16:20:00,296.9,296.97,296.72,296.97,232427
2022-04-08 16:25:00,296.97,296.97,296.89,296.97,11111
2022-04-08 16:30:00,296.97,296.97,296.97,296.97,120
2022-04-08 16:35:00,296.9,296.9,296.85,296.8975,616
2022-04-08 16:40:00,296.85,296.85,296.65,296.65,1683
2022-04-08 16:45:00,296.63,296.71,296.63,296.7,3286
2022-04-08 16:50:00,296.7,296.7,296.6,296.61,1111
2022-04-08 16:55:00,296.7,296.7,296.5501,296.69,1100
2022-04-08 17:00:00,296.6892,296.6892,296.687,296.687,450
2022-04-08 17:05:00,296.6113,296.6113,296.6113,296.6113,100
2022-04-08 17:10:00,296.7,296.7,296.7,296.7,200
2022-04-08 17:20:00,296.68,296.7,296.67,296.7,8522
2022-04-08 17:25:00,296.7253,296.7253,296.7253,296.7253,150
2022-04-08 17:30:00,296.7411,296.7411,296.7411,296.7411,100
2022-04-08 17:35:00,296.79,296.79,296.72,296.72,971
2022-04-08 17:40:00,296.67,296.67,296.67,296.67,636
2022-04-08 17:45:00,296.78,296.78,296.78,296.78,200
2022-04-08 17:50:00,296.67,296.67,296.66,296.66,999
2022-04-08 17:55:00,296.68,296.7,296.66,296.7,1419
2022-04-08 18:05:00,296.64,296.64,296.64,296.64,150
2022-04-08 18:10:00,296.56,296.56,296.56,296.56,400
2022-04-08 18:15:00,296.58,296.58,296.53,296.53,200
2022-04-08 18:20:00,296.5,296.5,296.5,296.5,200
2022-04-08 18:25:00,296.58,296.65,296.58,296.65,920
2022-04-08 18:30:00,296.52,296.52,296.51,296.51,890
2022-04-08 18:35:00,296.52,296.52,296.52,296.52,352
2022-04-08 18:45:00,296.6,296.62,296.6,296.6,497
2022-04-08 18:55:00,296.53,296.53,296.5,296.5,1714
2022-04-08 19:00:00,296.5,296.5,296.5,296.5,100
2022-04-08 19:10:00,296.5,296.5,296.5,296.5,898
2022-04-08 19:15:00,296.5,296.52,296.5,296.52,552
2022-04-08 19:20:00,296.63,296.63,296.45,296.45,200
2022-04-08 19:30:00,296.45,296.45,296.45,296.45,100
2022-04-08 19:35:00,296.45,296.45,296.45,296.45,100
2022-04-08 19:45:00,296.41,296.41,296.41,296.41,600
2022-04-08 19:50:00,296.45,296.55,296.41,296.4101,1000
2022-04-08 19:55:00,296.4101,296.4201,296.4101,296.4201,200
2022-04-11 04:00:00,295.23,295.23,294.4,294.4,400
2022-04-11 04:05:00,293.61,293.61,293.5,293.5,506
2022-04-11 04:10:00,293.98,294.0,293.7,293.77,1189
2022-04-11 04:15:00,293.6,293.9,292.96,292.96,1330
2022-04-11 04:20:00,292.69,292.71,292.51,292.71,712
2022-04-11 04:25:00,292.82,292.82,292.55,292.55,200
2022-04-11 04:30:00,292.6,292.61,292.6,292.61,200
2022-04-11 04:35:00,293.0,293.18,293.0,293.18,1265
2022-04-11 04:40:00,293.03,293.03,293.03,293.03,200
2022-04-11 04:45:00,293.02,293.02,293.02,293.02,196
2022-04-11 04:50:00,293.08,293.29,293.08,293.29,412
2022-04-11 04:55:00,293.24,293.24,292.8,292.8,367
2022-04-11 05:05:00,293.0,293.17,293.0,293.17,220
2022-04-11 05:10:00,293.15,293.15,292.95,292.95,417
2022-04-11 05:15:00,292.99,292.99,292.91,292.91,253
2022-04-11 05:25:00,293.15,293.28,293.15,293.16,1429
2022-04-11 05:30:00,293.06,293.06,293.04,293.04,435
2022-04-11 05:40:00,293.18,293.18,293.18,293.18,100
2022-04-11 05:45:00,293.2,293.92,293.2,293.79,1198
2022-04-11 06:00:00,293.81,293.98,293.81,293.98,424
2022-04-11 06:10:00,294.08,294.08,294.08,294.08,109
2022-04-11 06:15:00,294.89,294.89,294.89,294.89,110
2022-04-11 06:25:00,294.03,294.03,293.9,293.9,300
2022-04-11 06:30:00,293.84,293.84,293.84,293.84,103
2022-04-11 06:35:00,293.7,293.7,293.36,293.36,2963
2022-04-11 06:40:00,293.6,293.6,292.7,292.7,1314
2022-04-11 06:45:00,292.99,293.31,292.99,293.31,1053
2022-04-11 06:50:00,293.22,293.24,293.22,293.24,296
2022-04-11 06:55:00,293.53,294.0,293.51,294.0,2049
2022-04-11 07:00:00,294.0,294.45,294.0,294.2,2195
2022-04-11 07:05:00,294.25,294.25,294.0,294.0,700
2022-04-11 07:10:00,294.47,294.58,294.47,294.58,200
2022-04-11 07:15:00,294.25,294.26,293.71,293.71,2138
2022-04-11 07:20:00,293.56,293.56,293.55,293.55,200
2022-04-11 07:25:00,293.84,294.2,293.84,294.2,2014
2022-04-11 07:30:00,293.91,293.91,293.89,293.89,342
2022-04-11 07:35:00,293.84,293.85,293.54,293.54,1592
2022-04-11 07:45:00,293.06,293.45,293.06,293.45,1896
2022-04-11 07:50:00,293.46,293.58,293.21,293.21,3715
2022-04-11 07:55:00,293.2,293.35,293.08,293.21,1017
2022-04-11 08:00:00,293.5996,294.64,292.9,292.9,20249
2022-04-11 08:05:00,293.0,293.0,292.6,292.6,2924
2022-04-11 08:10:00,292.37,292.5,292.1747,292.5,5422
2022-04-11 08:15:00,292.5,292.65,292.49,292.5,7254
2022-04-11 08:20:00,292.52,292.58,292.26,292.3,14569
2022-04-11 08:25:00,292.45,292.45,292.2,292.2,4428
2022-04-11 08:30:00,292.2,292.26,292.0,292.26,9828
2022-04-11 08:35:00,292.25,292.45,292.0,292.0,4233
2022-04-11 08:40:00,291.95,292.4,291.83,292.4,2552
2022-04-11 08:45:00,292.45,292.82,292.26,292.45,7373
2022-04-11 08:50:00,292.34,292.4819,292.29,292.3,3161
2022-04-11 08:55:00,292.26,292.66,292.26,292.5,1735
2022-04-11 09:00:00,292.45,292.45,292.05,292.05,5650
2022-04-11 09:05:00,292.15,292.3,292.0994,292.18,5881
2022-04-11 09:10:00,292.25,292.28,292.01,292.28,7864
2022-04-11 09:15:00,292.41,292.51,292.25,292.25,9077
2022-04-11 09:20:00,292.2,292.2,292.0,292.0,2696
2022-04-11 09:25:00,291.65,291.84,291.16,291.66,18564
2022-04-11 09:30:00,291.77,292.61,290.14,290.97,1122409
2022-04-11 09:35:00,290.945,291.57,289.67,289.68,616232
2022-04-11 09:40:00,289.68,289.95,288.78,289.72,716830
2022-04-11 09:45:00,289.75,290.23,288.9,289.6,614048
2022-04-11 09:50:00,289.67,290.36,289.08,289.51,431312
2022-04-11 09:55:00,289.59,289.73,287.66,287.72,657507
2022-04-11 10:00:00,287.71,288.48,286.63,286.63,888369
2022-04-11 10:05:00,286.64,287.22,285.82,286.72,748456
2022-04-11 10:10:00,286.71,287.21,286.38,286.81,438662
2022-04-11 10:15:00,286.82,287.74,286.017,286.39,522539
2022-04-11 10:20:00,286.3738,286.69,285.72,286.53,441220
2022-04-11 10:25:00,286.59,286.72,285.8,286.18,307841
2022-04-11 10:30:00,286.195,286.98,285.9766,286.73,295192
2022-04-11 10:35:00,286.7018,286.98,286.6101,286.6799,290817
2022-04-11 10:40:00,286.7,286.7,285.52,285.705,304657
2022-04-11 10:45:00,285.6984,285.85,285.4,285.42,294255
2022-04-11 10:50:00,285.4369,286.1,285.41,286.03,302634
2022-04-11 10:55:00,286.0104,286.55,285.97,286.47,275784
2022-04-11 11:00:00,286.45,286.8,286.19,286.25,269690
2022-04-11 11:05:00,286.26,286.45,285.84,286.22,292979
2022-04-11 11:10:00,286.19,286.53,285.72,285.78,251000
2022-04-11 11:15:00,285.77,285.8,285.3922,285.45,284072
2022-04-11 11:20:00,285.47,285.81,285.32,285.52,220241
2022-04-11 11:25:00,285.53,285.98,285.51,285.89,206176
2022-04-11 11:30:00,285.88,286.69,285.78,286.59,310577
2022-04-11 11:35:00,286.54,286.54,285.88,285.9011,206148
2022-04-11 11:40:00,285.91,286.2905,285.895,286.27,140938
2022-04-11 11:45:00,286.275,286.4701,285.86,285.9475,192751
2022-04-11 11:50:00,285.96,286.6162,285.75,286.47,179014
2022-04-11 11:55:00,286.45,286.54,285.93,286.075,150037
2022-04-11 12:00:00,286.07,286.09,285.8,286.01,136349
2022-04-11 12:05:00,285.99,286.15,285.8,286.01,147374
2022-04-11 12:10:00,286.02,286.18,285.65,285.74,149724
2022-04-11 12:15:00,285.7599,285.992,285.57,285.97,125407
2022-04-11 12:20:00,285.98,286.17,285.8201,285.8527,106040
2022-04-11 12:25:00,285.84,286.04,285.66,285.72,150186
2022-04-11 12:30:00,285.71,285.89,285.56,285.845,118257
2022-04-11 12:35:00,285.85,285.93,285.71,285.7771,102510
2022-04-11 12:40:00,285.77,286.08,285.7,285.9799,117838
2022-04-11 12:45:00,286.0,286.57,285.975,286.53,133909
2022-04-11 12:50:00,286.52,286.75,286.4,286.45,182647
2022-04-11 12:55:00,286.42,286.91,286.36,286.9,192729
2022-04-11 13:00:00,286.895,287.57,286.88,287.3273,264889
2022-04-11 13:05:00,287.32,287.5389,287.1651,287.29,174557
2022-04-11 13:10:00,287.27,287.68,287.14,287.43,290439
2022-04-11 13:15:00,287.45,287.45,286.887,286.985,150055
2022-04-11 13:20:00,287.0,287.08,286.57,286.87,198758
2022-04-11 13:25:00,286.89,287.1,286.73,286.9201,126378
2022-04-11 13:30:00,286.94,287.27,286.919,287.2139,134118
2022-04-11 13:35:00,287.1951,287.38,286.833,287.05,113832
2022-04-11 13:40:00,287.04,287.44,286.9,286.9601,113705
2022-04-11 13:45:00,286.98,287.04,286.78,286.9,130824
2022-04-11 13:50:00,286.91,286.97,286.65,286.71,103634
2022-04-11 13:55:00,286.71,287.025,286.55,287.0,140987
2022-04-11 14:00:00,287.01,287.1,286.62,287.05,133764
2022-04-11 14:05:00,287.05,287.75,286.98,287.57,206460
2022-04-11 14:10:00,287.59,287.76,286.96,287.14,231934
2022-04-11 14:15:00,287.1,287.13,286.93,287.04,153398
2022-04-11 14:20:00,287.05,287.11,286.7,286.79,117632
2022-04-11 14:25:00,286.77,286.83,286.5,286.63,99756
2022-04-11 14:30:00,286.62,286.7981,286.38,286.72,151965
2022-04-11 14:35:00,286.7201,286.82,286.25,286.4405,149409
2022-04-11 14:40:00,286.43,286.66,286.4145,286.55,137482
2022-04-11 14:45:00,286.58,287.341,286.58,287.255,222676
2022-04-11 14:50:00,287.26,287.705,287.11,287.29,318934
2022-04-11 14:55:00,287.31,287.51,286.96,287.1163,144634
2022-04-11 15:00:00,287.115,287.8,286.8,286.8,286726
2022-04-11 15:05:00,286.805,286.99,286.69,286.785,189105
2022-04-11 15:10:00,286.81,287.02,286.36,286.4,209140
2022-04-11 15:15:00,286.405,286.7099,286.1,286.42,299690
2022-04-11 15:20:00,286.45,286.47,286.14,286.145,149690
2022-04-11 15:25:00,286.14,286.18,285.71,285.8307,251550
2022-04-11 15:30:00,285.83,285.91,285.18,285.2,361006
2022-04-11 15:35:00,285.21,285.4856,285.0705,285.345,356023
2022-04-11 15:40:00,285.34,285.49,285.035,285.13,398795
2022-04-11 15:45:00,285.14,285.48,285.01,285.33,542611
2022-04-11 15:50:00,285.31,285.56,285.05,285.18,631773
2022-04-11 15:55:00,285.19,285.58,285.0,285.26,1184826
2022-04-11 16:00:00,285.26,285.62,285.26,285.46,3484057
2022-04-11 16:05:00,285.47,285.5,285.26,285.26,114903
2022-04-11 16:10:00,285.45,285.57,285.26,285.57,12072
2022-04-11 16:15:00,285.53,285.53,285.49,285.49,874
2022-04-11 16:20:00,285.49,285.5,285.49,285.5,2228
2022-04-11 16:25:00,285.5,285.5,285.4102,285.4102,762
2022-04-11 16:30:00,285.55,285.55,285.45,285.47,1302
2022-04-11 16:35:00,285.5,285.53,285.4,285.4,854
2022-04-11 16:40:00,285.4,285.4,285.4,285.4,1925
2022-04-11 16:45:00,285.3,285.4,285.3,285.4,400
2022-04-11 16:50:00,285.26,285.5,285.26,285.45,38320
2022-04-11 16:55:00,285.5,285.5,285.4999,285.5,3150
2022-04-11 17:00:00,285.5,285.5499,285.45,285.5499,3512
2022-04-11 17:05:00,285.5898,285.6,285.55,285.55,712
2022-04-11 17:10:00,285.5,285.5011,285.5,285.5011,1800
2022-04-11 17:15:00,285.57,285.57,285.45,285.45,500
2022-04-11 17:20:00,285.55,285.581,285.55,285.5794,450
2022-04-11 17:25:00,285.57,285.5859,285.57,285.5859,736
2022-04-11 17:30:00,285.6,285.6,285.5001,285.57,1114
2022-04-11 17:35:00,285.5,285.55,285.5,285.5,904
2022-04-11 17:40:00,285.4745,285.4907,285.45,285.45,744
2022-04-11 17:45:00,285.32,285.32,285.26,285.26,5435
2022-04-11 17:50:00,285.26,285.26,285.1,285.16,7454
2022-04-11 17:55:00,285.16,285.16,285.11,285.11,5921
2022-04-11 18:00:00,285.28,285.38,285.28,285.37,5476
2022-04-11 18:05:00,285.26,285.4,285.2,285.21,4296
2022-04-11 18:10:00,285.21,285.4,285.21,285.4,3209
2022-04-11 18:15:00,285.45,285.45,285.33,285.4,3575
2022-04-11 18:20:00,285.26,285.26,285.22,285.24,1400
2022-04-11 18:25:00,285.32,285.32,285.2101,285.2101,367
2022-04-11 18:30:00,285.31,285.32,285.31,285.32,489
2022-04-11 18:35:00,285.35,285.35,285.32,285.33,1313
2022-04-11 18:40:00,285.27,285.35,285.27,285.35,1215
2022-04-11 18:45:00,285.35,285.35,285.28,285.28,645
2022-04-11 18:50:00,285.27,285.32,285.26,285.32,2323
2022-04-11 18:55:00,285.35,285.49,285.35,285.49,936
2022-04-11 19:00:00,285.47,285.47,285.47,285.47,800
2022-04-11 19:05:00,285.35,285.3501,285.35,285.3501,980
2022-04-11 19:10:00,285.39,285.39,285.3,285.3,400
2022-04-11 19:15:00,285.26,285.26,285.2,285.2,1697
2022-04-11 19:20:00,285.21,285.21,285.18,285.18,666
2022-04-11 19:25:00,285.3,285.3,285.18,285.26,2228
2022-04-11 19:30:00,285.2,285.4,285.2,285.4,2167
2022-04-11 19:35:00,285.4,285.4,285.15,285.15,1913
2022-04-11 19:40:00,285.16,285.27,285.11,285.24,1690
2022-04-11 19:45:00,285.14,285.14,285.03,285.05,1367
2022-04-11 19:50:00,285.03,285.05,285.0,285.01,5322
2022-04-11 19:55:00,285.0,285.0,284.77,284.8,2201
2022-04-12 04:00:00,285.0,285.0,284.5,285.0,5802
2022-04-12 04:05:00,285.03,285.1,285.0,285.1,752
2022-04-12 04:10:00,285.15,285.2,285.0,285.2,2633
2022-04-12 04:15:00,285.33,285.35,285.2,285.3,6173
2022-04-12 04:20:00,285.39,285.51,285.32,285.32,1009
2022-04-12 04:25:00,285.33,285.33,285.3,285.3,2015
2022-04-12 04:30:00,285.15,285.66,285.15,285.6,1899
2022-04-12 04:35:00,285.8,285.87,285.8,285.87,364
2022-04-12 04:40:00,285.81,286.29,285.81,285.81,716
2022-04-12 04:45:00,285.88,286.0,285.88,286.0,550
2022-04-12 04:50:00,286.0,286.0,286.0,286.0,366
2022-04-12 04:55:00,285.97,285.97,285.97,285.97,106
2022-04-12 05:00:00,285.69,285.77,285.69,285.77,334
2022-04-12 05:10:00,285.4,285.4,285.4,285.4,393
2022-04-12 05:15:00,285.27,285.38,285.2,285.38,1099
2022-04-12 05:20:00,285.39,285.4,285.39,285.4,687
2022-04-12 05:25:00,285.5,285.5,285.5,285.5,300
2022-04-12 05:30:00,285.67,285.67,285.67,285.67,310
2022-04-12 05:45:00,285.99,285.99,285.88,285.99,1062
2022-04-12 05:50:00,286.13,286.13,286.13,286.13,103
2022-04-12 05:55:00,286.4,286.5,286.4,286.5,1249
2022-04-12 06:00:00,286.41,286.41,286.41,286.41,100
2022-04-12 06:05:00,286.38,286.38,286.3,286.38,587
2022-04-12 06:15:00,286.2,286.2,286.0,286.0,837
2022-04-12 06:20:00,285.73,285.73,285.58,285.61,349
2022-04-12 06:25:00,285.94,285.94,285.94,285.94,100
2022-04-12 06:35:00,286.48,286.48,286.48,286.48,120
2022-04-12 06:40:00,286.34,286.34,286.34,286.34,515
2022-04-12 06:45:00,286.34,286.34,286.34,286.34,500
2022-04-12 07:00:00,285.81,285.81,285.06,285.42,8713
2022-04-12 07:05:00,285.27,285.45,285.25,285.38,2622
2022-04-12 07:10:00,285.25,285.25,285.2,285.2,219
2022-04-12 07:15:00,285.1,285.3,285.1,285.3,1153
2022-04-12 07:20:00,285.35,285.48,285.3,285.34,3266
2022-04-12 07:25:00,285.24,285.85,285.2,285.85,4479
2022-04-12 07:30:00,285.97,286.0,285.95,286.0,3752
2022-04-12 07:35:00,286.23,286.23,285.98,285.98,954
2022-04-12 07:40:00,286.05,286.05,285.86,285.86,1104
2022-04-12 07:45:00,285.98,286.31,285.98,286.2,590
2022-04-12 07:50:00,286.3,286.5,286.29,286.48,3159
2022-04-12 07:55:00,286.42,286.49,286.4,286.48,1342
2022-04-12 08:00:00,285.92,286.5,285.2,286.5,16488
2022-04-12 08:05:00,286.4,287.1899,286.33,287.14,4012
2022-04-12 08:10:00,287.007,287.007,286.73,286.88,905
2022-04-12 08:15:00,286.9304,286.9304,286.75,286.77,1715
2022-04-12 08:20:00,286.61,286.95,286.61,286.61,5546
2022-04-12 08:25:00,286.69,286.88,286.616,286.88,10580
2022-04-12 08:30:00,286.9,289.9,286.66,289.8,43661
2022-04-12 08:35:00,289.7,289.8,288.7,289.0,15957
2022-04-12 08:40:00,288.83,289.98,288.76,289.84,69416
2022-04-12 08:45:00,289.9,290.2415,289.5015,290.11,17186
2022-04-12 08:50:00,290.0,290.3,289.55,290.01,21855
2022-04-12 08:55:00,290.2,290.75,290.16,290.16,12691
2022-04-12 09:00:00,290.15,290.15,289.5,289.81,19259
2022-04-12 09:05:00,289.7,289.78,288.78,289.13,14474
2022-04-12 09:10:00,288.95,288.95,288.5001,288.7,13521
2022-04-12 09:15:00,288.6,289.37,288.6,289.17,7759
2022-04-12 09:20:00,289.18,289.2,288.75,288.75,3375
2022-04-12 09:25:00,288.51,289.49,288.5,289.2,12526
2022-04-12 09:30:00,289.27,289.41,287.02,287.75,1137866
2022-04-12 09:35:00,287.76,288.7,286.66,288.31,452005
2022-04-12 09:40:00,288.36,289.4198,287.235,289.4198,589036
2022-04-12 09:45:00,289.42,290.55,289.16,290.12,565354
2022-04-12 09:50:00,290.14,290.64,289.83,290.26,357699
2022-04-12 09:55:00,290.25,290.31,289.56,290.22,335554
2022-04-12 10:00:00,290.2515,290.615,289.6201,290.19,278425
2022-04-12 10:05:00,290.23,290.5,289.6617,290.16,213123
2022-04-12 10:10:00,290.19,290.739,289.82,290.32,291633
2022-04-12 10:15:00,290.29,290.45,288.895,289.0,274069
2022-04-12 10:20:00,289.0,289.2,288.3,288.79,246267
2022-04-12 10:25:00,288.81,289.12,288.28,288.4,222610
2022-04-12 10:30:00,288.39,288.5,288.09,288.32,228700
2022-04-12 10:35:00,288.32,288.32,286.94,286.95,314414
2022-04-12 10:40:00,286.9899,287.58,286.83,287.03,317723
2022-04-12 10:45:00,287.0498,287.39,286.38,286.38,207404
2022-04-12 10:50:00,286.365,286.76,286.09,286.51,199494
2022-04-12 10:55:00,286.54,286.7998,286.26,286.42,200938
2022-04-12 11:00:00,286.4,286.92,285.91,286.67,358189
2022-04-12 11:05:00,286.665,286.75,286.018,286.1,160824
2022-04-12 11:10:00,286.095,286.8,286.08,286.8,156586
2022-04-12 11:15:00,286.78,287.25,286.7,287.1,252724
2022-04-12 11:20:00,287.13,287.44,286.9,287.09,197752
2022-04-12 11:25:00,287.1,287.47,287.09,287.31,164977
2022-04-12 11:30:00,287.36,287.97,287.36,287.715,159956
2022-04-12 11:35:00,287.74,287.79,287.03,287.23,145628
2022-04-12 11:40:00,287.21,287.5,287.03,287.26,110249
2022-04-12 11:45:00,287.27,287.53,286.7,286.7,149902
2022-04-12 11:50:00,286.68,286.87,286.4,286.62,179304
2022-04-12 11:55:00,286.64,286.76,286.17,286.35,144070
2022-04-12 12:00:00,286.37,286.53,285.98,286.045,147613
2022-04-12 12:05:00,286.07,286.09,285.26,285.67,188010
2022-04-12 12:10:00,285.65,285.69,285.17,285.46,189985
2022-04-12 12:15:00,285.45,286.38,285.21,285.785,254311
2022-04-12 12:20:00,285.74,285.74,285.075,285.31,190526
2022-04-12 12:25:00,285.26,285.26,284.69,285.0052,284129
2022-04-12 12:30:00,285.0,285.2199,284.8054,284.9185,157868
2022-04-12 12:35:00,284.925,285.2499,284.87,284.92,150983
2022-04-12 12:40:00,284.91,285.2099,284.63,284.8127,200183
2022-04-12 12:45:00,284.83,285.08,284.5007,284.945,201218
2022-04-12 12:50:00,284.94,285.65,284.86,285.11,151470
2022-04-12 12:55:00,285.105,285.3,284.98,285.15,103292
2022-04-12 13:00:00,285.15,285.27,284.37,284.65,195669
2022-04-12 13:05:00,284.7,285.18,284.64,285.08,109209
2022-04-12 13:10:00,285.06,285.97,284.93,285.7183,193656
2022-04-12 13:15:00,285.75,285.85,285.17,285.63,106569
2022-04-12 13:20:00,285.61,286.29,285.09,285.33,163733
2022-04-12 13:25:00,285.335,285.5,285.03,285.21,87716
2022-04-12 13:30:00,285.22,285.43,284.8801,285.3789,111496
2022-04-12 13:35:00,285.41,285.56,284.8,284.9,107867
2022-04-12 13:40:00,284.94,285.14,284.47,284.57,146373
2022-04-12 13:45:00,284.55,284.63,284.2,284.45,222819
2022-04-12 13:50:00,284.46,284.5,283.91,284.01,210210
2022-04-12 13:55:00,284.02,284.02,283.65,283.89,145095
2022-04-12 14:00:00,283.82,284.26,283.5825,284.2017,146628
2022-04-12 14:05:00,284.14,284.53,283.91,283.97,210615
2022-04-12 14:10:00,283.98,283.985,283.29,283.305,163645
2022-04-12 14:15:00,283.32,283.32,282.08,282.2,428214
2022-04-12 14:20:00,282.18,282.4,281.61,281.81,337652
2022-04-12 14:25:00,281.81,282.05,280.8,280.86,352199
2022-04-12 14:30:00,280.91,281.1355,280.49,280.98,417456
2022-04-12 14:35:00,281.0,281.68,280.79,281.42,350212
2022-04-12 14:40:00,281.45,281.86,281.33,281.71,205624
2022-04-12 14:45:00,281.72,282.63,281.72,282.46,278488
2022-04-12 14:50:00,282.465,282.84,282.26,282.8,183282
2022-04-12 14:55:00,282.7964,282.97,282.33,282.37,189816
2022-04-12 15:00:00,282.37,282.43,280.925,281.19,300584
2022-04-12 15:05:00,281.2,281.42,280.535,280.5501,292683
2022-04-12 15:10:00,280.54,281.06,280.52,280.93,237106
2022-04-12 15:15:00,280.935,281.41,280.85,281.41,221431
2022-04-12 15:20:00,281.4,281.82,281.38,281.47,232171
2022-04-12 15:25:00,281.46,281.46,280.71,281.124,245383
2022-04-12 15:30:00,281.08,281.3899,280.87,281.17,220990
2022-04-12 15:35:00,281.17,281.92,281.03,281.78,315009
2022-04-12 15:40:00,281.77,282.07,281.39,281.59,313053
2022-04-12 15:45:00,281.57,282.5,281.36,282.275,396080
2022-04-12 15:50:00,282.19,282.45,281.75,282.44,424356
2022-04-12 15:55:00,282.49,282.58,281.91,281.98,738410
2022-04-12 16:00:00,282.06,282.06,281.8216,281.9,2786696
2022-04-12 16:05:00,281.97,282.06,281.7,282.06,43832
2022-04-12 16:10:00,282.06,282.33,282.06,282.32,2883
2022-04-12 16:15:00,282.2,282.75,282.18,282.5,11907
2022-04-12 16:20:00,282.06,282.06,282.06,282.06,20145
2022-04-12 16:25:00,282.5,282.5,282.06,282.06,5976
2022-04-12 16:30:00,282.5,282.5,282.43,282.43,495
2022-04-12 16:35:00,282.4,282.4,282.35,282.35,4744
2022-04-12 16:40:00,282.4,282.4,282.4,282.4,591
2022-04-12 16:45:00,282.4,282.43,282.4,282.43,200
2022-04-12 16:50:00,282.3,282.3,282.3,282.3,100
2022-04-12 16:55:00,282.45,282.45,282.45,282.45,100
2022-04-12 17:00:00,282.45,282.45,282.2834,282.2834,842
2022-04-12 17:10:00,282.44,282.44,282.44,282.44,160
2022-04-12 17:15:00,282.45,282.45,282.35,282.4,1615
2022-04-12 17:20:00,282.2585,282.38,282.25,282.38,700
2022-04-12 17:30:00,282.3835,282.3835,282.3835,282.3835,100
2022-04-12 17:35:00,282.6,282.6,282.5855,282.5855,300
2022-04-12 17:45:00,282.5,282.5,282.5,282.5,200
2022-04-12 17:50:00,282.45,282.47,282.42,282.42,537
2022-04-12 17:55:00,282.4207,282.4207,282.42,282.42,298
2022-04-12 18:00:00,282.47,282.5,282.47,282.5,1379
2022-04-12 18:05:00,282.45,282.55,282.43,282.55,1015
2022-04-12 18:10:00,282.56,282.56,282.45,282.45,1026
2022-04-12 18:20:00,282.49,282.49,282.36,282.36,320
2022-04-12 18:25:00,282.35,282.36,282.35,282.36,581
2022-04-12 18:30:00,282.4,282.4,282.33,282.33,200
2022-04-12 18:35:00,282.4,282.44,282.4,282.44,2721
2022-04-12 18:40:00,282.41,282.41,282.41,282.41,220
2022-04-12 18:45:00,282.5599,282.5599,282.5599,282.5599,1500
2022-04-12 18:50:00,282.5,282.54,282.5,282.51,1091
2022-04-12 18:55:00,282.51,282.58,282.51,282.58,609
2022-04-12 19:00:00,282.54,282.59,282.54,282.59,590
2022-04-12 19:05:00,282.84,282.86,282.5,282.5,900
2022-04-12 19:10:00,282.5,282.5001,282.5,282.5001,1000
2022-04-12 19:15:00,282.75,282.75,282.75,282.75,540
2022-04-12 19:20:00,282.7,282.7,282.7,282.7,100
2022-04-12 19:25:00,282.8,282.8,282.8,282.8,400
2022-04-12 19:30:00,282.65,282.7999,282.65,282.78,766
2022-04-12 19:35:00,282.8,282.94,282.76,282.94,1911
2022-04-12 19:40:00,282.87,282.94,282.87,282.9,2870
2022-04-12 19:45:00,282.9,282.99,282.86,282.99,1037
2022-04-12 19:50:00,282.98,283.0,282.98,283.0,11312
2022-04-12 19:55:00,283.02,283.29,283.02,283.29,456
2022-04-13 04:00:00,285.0,285.0,284.2,284.77,563
2022-04-13 04:05:00,284.8,284.8,284.7,284.7,1321
2022-04-13 04:10:00,284.37,284.37,284.37,284.37,529
2022-04-13 04:15:00,284.3,284.3,284.2,284.2,488
2022-04-13 04:20:00,284.2,284.2,284.2,284.2,130
2022-04-13 04:25:00,284.2,284.2,284.2,284.2,206
2022-04-13 04:30:00,284.4,284.4,284.4,284.4,137
2022-04-13 04:40:00,284.46,284.5,284.46,284.5,400
2022-04-13 04:50:00,284.3,284.3,284.3,284.3,560
2022-04-13 05:35:00,283.83,283.83,283.5,283.5,646
2022-04-13 05:45:00,283.5,283.5,283.5,283.5,495
2022-04-13 05:50:00,283.48,283.48,283.48,283.48,135
2022-04-13 05:55:00,283.64,283.65,283.03,283.08,1520
2022-04-13 06:00:00,283.0,283.0,282.87,282.87,1092
2022-04-13 06:10:00,283.36,283.49,283.36,283.49,416
2022-04-13 06:30:00,283.47,283.75,283.47,283.75,300
2022-04-13 06:35:00,284.0,284.0,284.0,284.0,160
2022-04-13 06:40:00,284.41,284.41,284.41,284.41,100
2022-04-13 06:45:00,284.57,284.61,284.26,284.3,1121
2022-04-13 06:55:00,284.71,284.71,284.71,284.71,316
2022-04-13 07:00:00,284.63,284.88,284.49,284.73,2845
2022-04-13 07:05:00,284.73,284.95,284.61,284.62,1189
2022-04-13 07:10:00,284.5,284.93,284.49,284.93,940
2022-04-13 07:15:00,284.8,284.8,284.8,284.8,100
2022-04-13 07:25:00,284.5,284.5,284.02,284.02,1344
2022-04-13 07:30:00,284.45,284.45,284.31,284.31,8070
2022-04-13 07:35:00,284.0,284.0,284.0,284.0,100
2022-04-13 07:40:00,283.66,283.66,283.66,283.66,100
2022-04-13 07:45:00,283.8,283.98,283.8,283.95,455
2022-04-13 07:50:00,283.8,283.8,283.53,283.53,400
2022-04-13 07:55:00,283.35,283.5,283.01,283.01,11720
2022-04-13 08:00:00,284.7,284.8799,283.0,283.4781,11192
2022-04-13 08:05:00,283.11,283.11,282.3106,282.41,1025
2022-04-13 08:10:00,282.7,282.98,282.5069,282.98,14388
2022-04-13 08:15:00,283.0,283.4,283.0,283.4,1829
2022-04-13 08:20:00,283.36,283.36,282.7,282.7,8104
2022-04-13 08:25:00,282.73,282.85,282.73,282.84,444
2022-04-13 08:30:00,282.8,283.0,282.4,282.85,3427
2022-04-13 08:35:00,282.85,283.16,282.83,283.16,1861
2022-04-13 08:40:00,283.0,283.5,283.0,283.45,1557
2022-04-13 08:45:00,283.45,283.77,283.4,283.4,3368
2022-04-13 08:50:00,283.18,283.4,283.04,283.4,4327
2022-04-13 08:55:00,283.39,283.39,282.61,282.75,4159
2022-04-13 09:00:00,282.75,282.86,282.6,282.86,1432
2022-04-13 09:05:00,282.78,282.83,282.3,282.3,3968
2022-04-13 09:10:00,282.3,282.82,282.3,282.75,2360
2022-04-13 09:15:00,282.77,283.24,282.77,283.24,1156
2022-04-13 09:20:00,283.24,283.24,283.24,283.24,106
2022-04-13 09:25:00,283.2,283.2,282.52,282.52,1541
2022-04-13 09:30:00,282.73,282.73,281.6,281.82,569893
2022-04-13 09:35:00,281.77,282.39,281.7,281.75,374676
2022-04-13 09:40:00,281.77,283.36,281.3,283.1,577643
2022-04-13 09:45:00,283.12,283.86,282.9,283.25,307017
2022-04-13 09:50:00,283.23,283.5792,282.9201,283.48,208201
2022-04-13 09:55:00,283.49,283.54,282.17,282.76,249544
2022-04-13 10:00:00,282.78,283.16,282.3586,283.14,165317
2022-04-13 10:05:00,283.16,283.85,282.85,283.0,250926
2022-04-13 10:10:00,282.96,283.28,282.62,283.235,143265
2022-04-13 10:15:00,283.25,284.32,283.25,284.05,187838
2022-04-13 10:20:00,284.02,284.63,283.8851,284.565,167898
2022-04-13 10:25:00,284.5501,284.5667,283.94,284.07,219120
2022-04-13 10:30:00,284.1,285.26,283.9851,284.465,207057
2022-04-13 10:35:00,284.46,284.6,283.8001,283.8679,121659
2022-04-13 10:40:00,283.85,284.445,283.51,284.355,185707
2022-04-13 10:45:00,284.34,284.755,284.09,284.16,145157
2022-04-13 10:50:00,284.18,284.7,283.96,284.395,122207
2022-04-13 10:55:00,284.38,284.49,283.59,283.6,143034
2022-04-13 11:00:00,283.64,285.26,283.615,284.8128,229932
2022-04-13 11:05:00,284.81,284.9009,284.47,284.62,149710
2022-04-13 11:10:00,284.61,285.42,284.52,285.3001,190025
2022-04-13 11:15:00,285.29,285.3401,284.89,285.155,140285
2022-04-13 11:20:00,285.17,285.6,284.99,285.5,184252
2022-04-13 11:25:00,285.5,285.9032,285.4,285.56,145666
2022-04-13 11:30:00,285.57,285.96,285.48,285.65,151298
2022-04-13 11:35:00,285.67,285.8,285.56,285.74,114242
2022-04-13 11:40:00,285.77,286.1,285.56,285.6254,159803
2022-04-13 11:45:00,285.6492,285.6492,285.1,285.36,123018
2022-04-13 11:50:00,285.33,285.67,285.26,285.61,95187
2022-04-13 11:55:00,285.6,285.68,285.405,285.67,98368
2022-04-13 12:00:00,285.66,285.8,285.23,285.7245,116489
2022-04-13 12:05:00,285.7,285.98,285.48,285.9442,110034
2022-04-13 12:10:00,285.92,286.065,285.43,285.83,129875
2022-04-13 12:15:00,285.84,286.2896,285.59,286.1201,140936
2022-04-13 12:20:00,286.13,286.34,285.83,286.175,119562
2022-04-13 12:25:00,286.17,286.42,285.9,286.0699,138884
2022-04-13 12:30:00,286.09,286.13,285.83,285.92,123638
2022-04-13 12:35:00,285.92,286.3185,285.92,286.22,131390
2022-04-13 12:40:00,286.25,286.62,286.095,286.27,103261
2022-04-13 12:45:00,286.28,286.41,286.16,286.3001,103643
2022-04-13 12:50:00,286.3,286.415,286.14,286.2389,97287
2022-04-13 12:55:00,286.25,286.28,286.0234,286.085,112714
2022-04-13 13:00:00,286.1,286.44,285.97,286.25,117659
2022-04-13 13:05:00,286.25,286.37,286.0501,286.28,90617
2022-04-13 13:10:00,286.27,286.74,286.225,286.385,122315
2022-04-13 13:15:00,286.38,286.56,286.32,286.43,82474
2022-04-13 13:20:00,286.41,286.86,286.37,286.625,87264
2022-04-13 13:25:00,286.61,286.62,286.2652,286.54,129613
2022-04-13 13:30:00,286.56,286.58,286.11,286.125,102108
2022-04-13 13:35:00,286.14,286.17,285.83,286.08,116677
2022-04-13 13:40:00,286.08,286.14,285.85,285.94,79437
2022-04-13 13:45:00,285.93,286.14,285.58,285.8,133479
2022-04-13 13:50:00,285.8008,285.8008,285.28,285.46,122825
2022-04-13 13:55:00,285.46,286.01,285.45,285.9401,120092
2022-04-13 14:00:00,285.94,286.11,285.84,286.06,117507
2022-04-13 14:05:00,286.05,286.4099,285.95,286.2862,92032
2022-04-13 14:10:00,286.275,286.275,285.78,286.0,115663
2022-04-13 14:15:00,286.0,286.155,285.95,286.12,74669
2022-04-13 14:20:00,286.1,286.37,286.0917,286.21,87290
2022-04-13 14:25:00,286.21,286.44,286.01,286.3565,109653
2022-04-13 14:30:00,286.36,286.4272,286.15,286.385,96805
2022-04-13 14:35:00,286.375,286.86,286.3536,286.74,154528
2022-04-13 14:40:00,286.74,287.03,286.71,286.95,99808
2022-04-13 14:45:00,286.95,287.2799,286.81,287.205,166188
2022-04-13 14:50:00,287.2101,287.34,287.03,287.07,118573
2022-04-13 14:55:00,287.07,287.42,287.025,287.22,147308
2022-04-13 15:00:00,287.23,287.34,286.77,286.91,154357
2022-04-13 15:05:00,286.9,287.77,286.9,287.67,190852
2022-04-13 15:10:00,287.6999,287.9161,287.5799,287.82,150621
2022-04-13 15:15:00,287.81,288.16,287.8,288.035,188817
2022-04-13 15:20:00,288.02,288.05,287.67,287.91,213737
2022-04-13 15:25:00,287.92,288.15,287.76,288.065,182328
2022-04-13 15:30:00,288.06,288.58,287.91,288.44,269909
2022-04-13 15:35:00,288.45,288.5599,288.11,288.42,258528
2022-04-13 15:40:00,288.41,288.44,288.06,288.145,273200
2022-04-13 15:45:00,288.14,288.39,287.87,288.06,358295
2022-04-13 15:50:00,288.04,288.35,287.47,287.7,397689
2022-04-13 15:55:00,287.71,287.84,287.3,287.6,563231
2022-04-13 16:00:00,287.62,287.62,287.46,287.53,2949726
2022-04-13 16:05:00,287.58,287.62,287.51,287.59,52447
2022-04-13 16:10:00,287.5,287.51,287.2521,287.2521,3510
2022-04-13 16:15:00,287.35,287.39,287.35,287.3501,2139
2022-04-13 16:20:00,287.44,287.547,287.44,287.547,1100
2022-04-13 16:25:00,287.5172,287.5172,287.5172,287.5172,100
2022-04-13 16:30:00,287.49,287.54,287.49,287.54,242
2022-04-13 16:35:00,287.5352,287.5399,287.43,287.5391,1500
2022-04-13 16:40:00,287.54,287.59,287.54,287.59,2969
2022-04-13 16:45:00,287.62,287.62,287.57,287.57,23818
2022-04-13 16:50:00,287.5,287.59,287.5,287.59,8011
2022-04-13 17:05:00,287.42,287.42,287.41,287.41,714
2022-04-13 17:10:00,287.35,287.45,287.35,287.4,3429
2022-04-13 17:15:00,287.45,287.45,287.4,287.4,5939
2022-04-13 17:20:00,287.49,287.52,287.49,287.49,1200
2022-04-13 17:25:00,287.62,287.62,287.62,287.62,406
2022-04-13 17:40:00,287.53,287.58,287.53,287.58,628
2022-04-13 17:45:00,287.51,287.51,287.51,287.51,100
2022-04-13 17:50:00,287.51,287.58,287.51,287.58,1038
2022-04-13 18:10:00,287.58,287.58,287.58,287.58,807
2022-04-13 18:15:00,287.51,287.51,287.5,287.5,1180
2022-04-13 18:35:00,287.58,287.62,287.58,287.62,9590
2022-04-13 18:40:00,287.62,287.62,287.62,287.62,400
2022-04-13 18:45:00,287.6,287.62,287.6,287.62,2058
2022-04-13 18:50:00,287.87,287.87,287.65,287.65,1545
2022-04-13 18:55:00,287.65,287.65,287.55,287.55,1113
2022-04-13 19:05:00,287.76,287.76,287.76,287.76,100
2022-04-13 19:10:00,287.68,287.8,287.68,287.8,2399
2022-04-13 19:15:00,287.8,287.85,287.8,287.85,526
2022-04-13 19:20:00,287.82,287.82,287.8,287.8,350
2022-04-13 19:25:00,287.51,287.51,287.51,287.51,100
2022-04-13 19:45:00,287.78,287.8,287.78,287.8,345
2022-04-13 19:50:00,287.89,287.89,287.75,287.75,412
2022-04-13 19:55:00,287.75,287.8,287.61,287.8,7273
2022-04-14 04:05:00,288.51,288.62,288.51,288.62,251
2022-04-14 04:10:00,288.65,288.73,288.65,288.73,561
2022-04-14 04:25:00,288.45,288.45,288.35,288.35,610
2022-04-14 04:30:00,288.1,288.1,288.1,288.1,100
2022-04-14 05:50:00,287.9,287.9,287.9,287.9,348
2022-04-14 06:00:00,288.26,288.26,288.26,288.26,200
2022-04-14 06:05:00,288.2,288.2,288.2,288.2,100
2022-04-14 06:15:00,288.19,288.2,288.19,288.2,354
2022-04-14 06:20:00,288.17,288.17,288.17,288.17,100
2022-04-14 06:30:00,287.75,287.75,287.75,287.75,117
2022-04-14 07:00:00,288.0,288.0,287.86,288.0,6668
2022-04-14 07:05:00,288.26,288.26,288.23,288.23,786
2022-04-14 07:10:00,288.01,288.09,287.96,288.09,968
2022-04-14 07:15:00,287.92,287.92,287.85,287.85,716
2022-04-14 07:20:00,287.82,287.82,287.62,287.62,2137
2022-04-14 07:25:00,287.62,287.62,287.62,287.62,598
2022-04-14 07:30:00,287.25,287.25,287.0,287.0,1928
2022-04-14 07:35:00,286.92,286.92,286.92,286.92,100
2022-04-14 07:40:00,287.14,287.3,287.14,287.3,657
2022-04-14 07:45:00,287.01,287.4,287.0,287.2,5376
2022-04-14 07:50:00,287.49,287.5,287.47,287.5,1069
2022-04-14 07:55:00,287.19,287.19,286.7,286.7,1350
2022-04-14 08:00:00,287.8005,288.3099,286.9,287.25,9601
2022-04-14 08:05:00,287.0014,287.0014,287.0014,287.0014,200
2022-04-14 08:10:00,287.49,287.49,287.49,287.49,235
2022-04-14 08:15:00,287.25,287.45,287.25,287.45,332
2022-04-14 08:20:00,287.68,287.7,287.68,287.7,2068
2022-04-14 08:30:00,287.62,287.7,287.6,287.6,505
2022-04-14 08:35:00,287.5,287.66,287.3,287.3,10952
2022-04-14 08:40:00,287.25,287.35,287.25,287.27,1600
2022-04-14 08:45:00,287.5,287.51,287.2,287.2,6566
2022-04-14 08:50:00,287.3,287.5,287.3,287.5,1650
2022-04-14 08:55:00,287.17,287.17,287.17,287.17,100
2022-04-14 09:00:00,287.18,287.25,287.14,287.25,2813
2022-04-14 09:05:00,287.4771,287.5,287.45,287.5,749
2022-04-14 09:10:00,287.5,287.5,287.5,287.5,6524
2022-04-14 09:15:00,287.4985,287.65,287.4985,287.65,5549
2022-04-14 09:20:00,287.65,288.0,287.65,287.95,1649
2022-04-14 09:25:00,287.95,289.45,287.51,287.86,95822
2022-04-14 09:30:00,288.08,288.305,286.54,286.995,1445858
2022-04-14 09:35:00,287.03,287.34,285.66,286.25,286927
2022-04-14 09:40:00,286.26,286.55,285.75,286.05,302907
2022-04-14 09:45:00,286.03,286.36,285.51,285.86,205659
2022-04-14 09:50:00,285.8813,286.04,284.72,285.165,322901
2022-04-14 09:55:00,285.17,285.41,284.94,285.12,150352
2022-04-14 10:00:00,285.12,285.43,284.54,284.71,261558
2022-04-14 10:05:00,284.64,284.6799,283.14,283.54,404597
2022-04-14 10:10:00,283.55,284.06,283.2714,283.97,237639
2022-04-14 10:15:00,283.95,284.24,283.32,283.32,229476
2022-04-14 10:20:00,283.3,283.66,283.08,283.21,236756
2022-04-14 10:25:00,283.21,283.775,283.0268,283.68,233207
2022-04-14 10:30:00,283.67,283.9734,283.34,283.61,184307
2022-04-14 10:35:00,283.57,283.76,282.73,283.1572,177012
2022-04-14 10:40:00,283.14,283.64,283.035,283.18,135747
2022-04-14 10:45:00,283.18,283.72,283.02,283.07,213420
2022-04-14 10:50:00,283.05,283.21,282.64,283.1901,291349
2022-04-14 10:55:00,283.19,283.92,283.09,283.68,173680
2022-04-14 11:00:00,283.66,284.15,283.51,283.8826,153956
2022-04-14 11:05:00,283.86,284.0,283.46,283.64,138360
2022-04-14 11:10:00,283.64,284.06,283.4,283.83,110983
2022-04-14 11:15:00,283.83,284.15,283.48,283.6601,121403
2022-04-14 11:20:00,283.7,284.6,283.51,284.58,98585
2022-04-14 11:25:00,284.5603,284.75,284.2363,284.35,83077
2022-04-14 11:30:00,284.3521,284.3763,283.88,283.9,88929
2022-04-14 11:35:00,283.9,283.98,283.5,283.54,84598
2022-04-14 11:40:00,283.56,283.6,283.0,283.18,107928
2022-04-14 11:45:00,283.22,283.52,283.08,283.45,78681
2022-04-14 11:50:00,283.465,283.6801,283.2386,283.2386,91505
2022-04-14 11:55:00,283.255,283.44,283.14,283.17,79489
2022-04-14 12:00:00,283.17,283.38,282.83,283.01,181232
2022-04-14 12:05:00,283.0,283.36,282.96,283.24,160904
2022-04-14 12:10:00,283.22,283.34,282.89,282.93,75353
2022-04-14 12:15:00,282.95,283.07,282.57,282.785,153614
2022-04-14 12:20:00,282.81,282.92,282.6,282.91,113663
2022-04-14 12:25:00,282.95,282.97,282.13,282.24,156973
2022-04-14 12:30:00,282.24,282.355,282.07,282.17,140115
2022-04-14 12:35:00,282.16,282.36,282.03,282.24,160248
2022-04-14 12:40:00,282.24,282.28,281.4999,281.55,243205
2022-04-14 12:45:00,281.54,281.83,281.46,281.76,176645
2022-04-14 12:50:00,281.7675,281.92,281.72,281.81,65514
2022-04-14 12:55:00,281.8,282.18,281.8,282.15,93187
2022-04-14 13:00:00,282.13,282.49,282.13,282.25,125170
2022-04-14 13:05:00,282.23,282.33,281.91,282.11,92054
2022-04-14 13:10:00,282.12,282.46,282.1,282.23,109433
2022-04-14 13:15:00,282.27,282.38,282.04,282.05,88476
2022-04-14 13:20:00,282.05,282.26,281.99,282.07,97778
2022-04-14 13:25:00,282.1199,282.37,282.1199,282.33,75253
2022-04-14 13:30:00,282.32,282.695,282.26,282.59,143429
2022-04-14 13:35:00,282.6,282.8,282.43,282.49,102662
2022-04-14 13:40:00,282.51,282.84,282.4117,282.73,149600
2022-04-14 13:45:00,282.72,283.11,282.65,282.91,167445
2022-04-14 13:50:00,282.92,283.128,282.76,282.79,86838
2022-04-14 13:55:00,282.81,283.135,282.71,283.09,97271
2022-04-14 14:00:00,283.09,283.53,283.05,283.31,141157
2022-04-14 14:05:00,283.32,283.41,282.94,283.15,180683
2022-04-14 14:10:00,283.15,283.255,282.84,283.085,111372
2022-04-14 14:15:00,283.11,283.2731,282.72,282.75,96927
2022-04-14 14:20:00,282.72,282.72,282.32,282.4,142169
2022-04-14 14:25:00,282.39,282.9,282.26,282.76,124253
2022-04-14 14:30:00,282.78,282.9643,282.395,282.48,162034
2022-04-14 14:35:00,282.475,282.51,282.11,282.21,94425
2022-04-14 14:40:00,282.21,282.35,282.17,282.21,76848
2022-04-14 14:45:00,282.2,282.41,282.06,282.21,108541
2022-04-14 14:50:00,282.19,282.265,281.33,281.44,168397
2022-04-14 14:55:00,281.447,281.479,281.22,281.22,227658
2022-04-14 15:00:00,281.23,281.39,281.01,281.24,204923
2022-04-14 15:05:00,281.23,281.33,280.75,280.81,175142
2022-04-14 15:10:00,280.83,281.235,280.72,281.15,184042
2022-04-14 15:15:00,281.15,281.43,280.89,281.42,268441
2022-04-14 15:20:00,281.41,281.59,281.05,281.12,158132
2022-04-14 15:25:00,281.11,281.11,280.59,280.68,227264
2022-04-14 15:30:00,280.7,280.72,280.19,280.31,292502
2022-04-14 15:35:00,280.3,280.46,280.06,280.0853,256459
2022-04-14 15:40:00,280.09,280.5,280.0,280.45,551797
2022-04-14 15:45:00,280.46,280.61,280.05,280.295,389465
2022-04-14 15:50:00,280.29,280.36,279.56,279.79,685419
2022-04-14 15:55:00,279.84,280.01,279.32,279.78,1309919
2022-04-14 16:00:00,279.8,279.83,279.55,279.69,4385572
2022-04-14 16:05:00,279.67,279.83,279.66,279.82,101035
2022-04-14 16:10:00,279.7,279.83,279.6899,279.83,7124
2022-04-14 16:15:00,279.83,279.8999,279.83,279.85,14320
2022-04-14 16:20:00,279.85,279.94,279.83,279.89,32706
2022-04-14 16:25:00,279.85,280.0,279.85,279.9,19018
2022-04-14 16:30:00,279.9,279.98,279.9,279.9501,4537
2022-04-14 16:35:00,279.98,280.02,279.95,280.0001,4717
2022-04-14 16:40:00,280.1,280.1,279.95,279.97,2553
2022-04-14 16:45:00,279.83,279.83,279.83,279.83,12110
2022-04-14 16:50:00,279.99,280.04,279.99,280.04,1613
2022-04-14 16:55:00,280.04,280.04,280.0,280.0,593
2022-04-14 17:00:00,279.9627,279.98,279.9627,279.98,300
2022-04-14 17:05:00,279.98,279.98,279.98,279.98,200
2022-04-14 17:10:00,279.98,279.98,279.95,279.95,2109
2022-04-14 17:15:00,279.9,279.98,279.9,279.98,591
2022-04-14 17:20:00,279.9,279.9,279.75,279.8,7715
2022-04-14 17:25:00,279.88,279.94,279.8,279.8,1932
2022-04-14 17:30:00,279.8,279.8899,279.75,279.8899,1599
2022-04-14 17:35:00,279.89,279.89,279.89,279.89,100
2022-04-14 17:40:00,279.89,279.89,279.83,279.83,791
2022-04-14 17:50:00,279.87,279.89,279.85,279.85,668
2022-04-14 17:55:00,279.93,279.93,279.93,279.93,200
2022-04-14 18:05:00,280.0,280.0,280.0,280.0,700
2022-04-14 18:10:00,279.99,280.0,279.9,279.9,1476
2022-04-14 18:15:00,279.99,279.99,279.9,279.9,421
2022-04-14 18:25:00,279.9899,279.9899,279.9,279.9,2891
2022-04-14 18:30:00,279.99,279.99,279.9,279.9,250
2022-04-14 18:35:00,279.98,279.98,279.95,279.95,360
2022-04-14 18:40:00,279.9,279.9,279.9,279.9,1234
2022-04-14 18:45:00,279.9,279.9,279.9,279.9,300
2022-04-14 18:50:00,279.9,279.99,279.9,279.99,1361
2022-04-14 18:55:00,279.99,279.99,279.92,279.92,200
2022-04-14 19:00:00,279.9,279.98,279.83,279.9,3181
